Number of reaches
9
Reach midpoint distance downstream, m
3084.6485 7288.3788 10846.4849 15294.1176 18737.4462 22123.3859 25939.7418 30186.5136 34391.0066 
Reach lengths, m
6169.2970 2238.1636 4878.0488 4017.2166 2869.4405 3902.4390 3730.2726 4763.2712 3645.7149 
Number of overpasses
154
Time, days
1.000000 2.000000 3.000000 4.000000 5.000000 6.000000 7.000000 8.000000 9.000000 10.000000 11.000000 12.000000 13.000000 14.000000 15.000000 16.000000 17.000000 18.000000 19.000000 20.000000 21.000000 22.000000 23.000000 24.000000 25.000000 26.000000 27.000000 28.000000 29.000000 30.000000 31.000000 32.000000 33.000000 34.000000 35.000000 36.000000 37.000000 38.000000 39.000000 40.000000 41.000000 42.000000 43.000000 44.000000 45.000000 46.000000 47.000000 48.000000 49.000000 50.000000 51.000000 52.000000 53.000000 54.000000 55.000000 56.000000 57.000000 58.000000 59.000000 60.000000 61.000000 62.000000 63.000000 64.000000 65.000000 66.000000 67.000000 68.000000 69.000000 70.000000 71.000000 72.000000 73.000000 74.000000 75.000000 76.000000 77.000000 78.000000 79.000000 80.000000 81.000000 82.000000 83.000000 84.000000 85.000000 86.000000 87.000000 88.000000 89.000000 90.000000 91.000000 92.000000 93.000000 94.000000 95.000000 96.000000 97.000000 98.000000 99.000000 100.000000 101.000000 102.000000 103.000000 104.000000 105.000000 106.000000 107.000000 108.000000 109.000000 110.000000 111.000000 112.000000 113.000000 114.000000 115.000000 116.000000 117.000000 118.000000 119.000000 120.000000 121.000000 122.000000 123.000000 124.000000 125.000000 126.000000 127.000000 128.000000 129.000000 130.000000 131.000000 132.000000 133.000000 134.000000 135.000000 136.000000 137.000000 138.000000 139.000000 140.000000 141.000000 142.000000 143.000000 144.000000 145.000000 146.000000 147.000000 148.000000 149.000000 150.000000 151.000000 152.000000 153.000000 154.000000 
Height, meters
12.6956 12.5746 12.4735 12.5436 12.4428 12.4911 12.4448 12.4797 12.5136 12.5500 12.7532 12.6879 12.8441 13.2011 13.5877 13.6692 16.3229 18.4345 18.7027 17.2146 15.4351 14.4787 14.7930 17.8610 18.0919 17.3107 16.0749 15.5479 14.8640 14.6127 17.4420 18.5633 17.8913 16.9781 16.3357 15.5208 14.9793 14.5335 14.3031 14.1699 13.9056 13.7799 13.7971 13.6980 13.7781 14.3518 14.3047 14.0553 13.8945 13.8623 13.7903 13.6783 13.6100 13.5674 13.4559 13.3473 13.4621 13.6077 13.4964 13.3154 13.2409 13.2106 13.3721 13.2646 13.2399 13.2129 13.3018 13.2219 13.2922 13.3502 13.4242 13.4563 13.4321 13.2548 13.1898 13.2420 13.1552 13.0119 13.0801 13.0764 12.9096 12.8009 12.9611 12.8146 12.8287 12.6941 12.7555 12.7471 12.8937 12.8085 12.7239 13.0477 13.5721 14.1209 14.3376 15.0613 14.7231 14.4336 13.9477 13.7142 13.5924 13.3413 13.3406 13.1049 13.1700 13.3641 13.3433 13.3142 13.4148 13.2567 13.2884 13.1662 13.1090 13.0819 13.0795 13.1720 13.0544 13.1059 12.9932 13.0120 13.0146 12.9531 13.1012 13.1129 13.4715 13.2820 13.4797 13.4728 13.5753 13.4604 13.3970 13.4659 13.6981 13.2999 13.4016 13.2602 13.2705 13.3010 13.2485 13.1488 13.1496 13.0984 13.1224 13.1323 13.2738 13.3252 13.2776 13.3518 13.3221 13.2767 13.2721 13.2364 13.4582 13.5093 
12.3912 12.2098 12.0672 12.0573 12.0124 12.1428 11.9835 12.0669 12.1550 12.1829 12.3585 12.2696 12.4492 12.7410 13.2804 13.2350 15.7965 17.8044 18.2139 16.7675 15.1507 14.1313 14.5803 17.2982 17.5795 16.8775 15.7472 15.1987 14.4523 14.2795 16.9435 17.9497 17.5355 16.5015 15.9288 15.1106 14.5216 14.1634 13.9987 13.6077 13.4801 13.5440 13.2801 13.2214 13.3919 13.9940 14.0371 13.6414 13.3750 13.4308 13.3139 13.3007 13.0059 13.1543 13.0653 12.9164 13.1202 13.0780 13.0152 13.0469 12.8160 12.9151 13.0100 12.8950 12.8685 12.8001 12.8957 12.8034 12.7847 12.9292 13.0435 13.0318 12.9890 12.9010 12.9328 12.8322 12.6916 12.6087 12.7249 12.7318 12.6855 12.5609 12.4399 12.4920 12.4372 12.4319 12.4726 12.3736 12.5690 12.3965 12.3925 12.7165 13.1925 13.8068 13.8096 14.7721 14.2627 14.0086 13.5679 13.3475 13.1855 13.0976 12.9650 12.7176 12.8117 12.8042 12.9286 12.9031 12.8117 12.7368 12.9298 12.8280 12.7063 12.6861 12.6379 12.6556 12.7181 12.6532 12.7006 12.6497 12.5621 12.5901 12.6355 12.6805 13.1815 12.8608 13.0831 13.1672 13.2469 13.1427 12.9684 12.9310 13.3090 12.9650 13.0242 13.0223 12.6893 12.8823 12.8230 12.6695 12.6984 12.7326 12.6677 12.7438 12.7960 12.9030 12.8386 12.9965 12.9355 12.8356 12.9221 12.8995 13.0222 13.0479 
12.0945 11.8646 11.6715 11.7342 11.6783 11.6696 11.6741 11.6781 11.7588 11.8185 12.0732 12.0042 12.1776 12.5201 12.8942 12.9879 15.3890 17.3739 17.6931 16.5261 14.8784 13.8016 14.1420 16.8938 17.1705 16.5249 15.4685 14.9607 14.2420 13.9302 16.5230 17.5547 17.0159 16.1759 15.5899 14.7926 14.3383 13.8015 13.5420 13.3891 13.2663 13.0768 13.0304 12.9204 13.1490 13.4643 13.7717 13.3836 13.0500 13.0645 12.9361 12.8793 12.8611 12.8061 12.7409 12.8140 12.7742 12.8088 12.7579 12.7845 12.5611 12.6054 12.5849 12.5888 12.4456 12.4677 12.6041 12.4359 12.4438 12.4505 12.6892 12.6883 12.6335 12.5644 12.5070 12.5958 12.3735 12.2703 12.4009 12.3814 12.3050 12.2494 12.1922 12.2113 12.0872 12.1393 12.0396 12.0953 12.2813 12.0348 12.0692 12.3516 12.7750 13.4330 13.5709 14.2992 14.0518 13.6600 13.3406 13.0544 12.9458 12.6864 12.6069 12.5290 12.4850 12.6110 12.5753 12.6367 12.4838 12.5378 12.6947 12.5218 12.4074 12.2522 12.2389 12.3076 12.2973 12.2570 12.3154 12.2827 12.2391 12.2024 12.3016 12.4250 12.7504 12.5857 12.6512 12.7797 12.8051 12.8297 12.7376 12.6053 12.9983 12.6613 12.6250 12.5404 12.3976 12.5193 12.5203 12.2970 12.3863 12.5079 12.2787 12.3958 12.4421 12.6666 12.6358 12.6678 12.6422 12.5419 12.5479 12.6597 12.6297 12.7079 
11.8445 11.6632 11.5764 11.3903 11.4363 11.3681 11.4681 11.4234 11.5045 11.6009 11.8038 11.7999 11.8347 12.2657 12.6056 12.7429 14.8109 16.8465 17.2734 16.1173 14.6573 13.5108 13.8411 16.2812 16.7918 16.1858 15.1192 14.5393 13.8792 13.6145 15.8650 16.9695 16.4612 15.9427 15.2728 14.4975 14.0098 13.6529 13.3378 13.1243 12.8497 12.8206 12.7789 12.6338 12.9115 13.1262 13.3792 12.9767 12.8183 12.7873 12.6820 12.6454 12.5484 12.4950 12.4708 12.5042 12.4708 12.5500 12.5352 12.4774 12.3385 12.1953 12.3358 12.2146 12.3069 12.0504 12.3351 12.1230 12.1408 12.2522 12.4903 12.3450 12.3651 12.2830 12.2726 12.2044 12.2558 12.0851 12.1506 12.1004 12.1468 11.9885 11.8768 11.8988 11.8323 11.8640 11.7147 11.7670 12.0516 11.8219 11.7754 12.0085 12.4839 13.0582 13.1938 13.9593 13.6898 13.3764 13.0257 12.6829 12.5883 12.4123 12.3839 12.1138 12.2187 12.3339 12.2188 12.2464 12.2929 12.2107 12.3779 12.1765 12.1016 12.0555 12.0263 12.0612 12.0472 12.0453 12.0428 12.0660 11.9428 11.9657 12.0904 12.1566 12.4300 12.3795 12.5268 12.5641 12.5420 12.5939 12.4332 12.4394 12.7975 12.4073 12.3930 12.2924 12.0601 12.2085 12.1927 12.1451 11.9937 12.0213 12.0824 12.0615 12.2450 12.2990 12.3937 12.4593 12.3603 12.1590 12.2771 12.2926 12.2750 12.4152 
11.6591 11.5204 11.2828 11.2686 11.1746 11.2393 11.2931 11.1848 11.3291 11.4754 11.5760 11.5094 11.7395 12.0584 12.4157 12.4634 14.5247 16.4247 16.7496 15.8128 14.4534 13.2383 13.6111 15.8967 16.1906 15.8120 14.8020 14.3171 13.7438 13.3262 15.4501 16.5622 16.1545 15.5764 15.1420 14.3298 13.6730 13.3615 13.1938 12.9763 12.6897 12.5715 12.5197 12.3661 12.7243 12.7935 13.1766 12.7738 12.6026 12.4650 12.4159 12.2817 12.3184 12.3540 12.3368 12.2878 12.3499 12.4097 12.4322 12.1686 12.2007 12.0317 12.1148 11.9289 12.0039 11.9291 12.1434 11.8689 11.9971 12.0155 12.1542 12.1206 12.0912 12.0809 12.0227 12.0877 12.0210 11.8151 12.0019 12.0566 11.8871 11.8348 11.7340 11.6883 11.6693 11.6655 11.6653 11.6189 11.8765 11.6063 11.6250 11.8280 12.2011 12.7835 13.0287 13.6088 13.3862 13.0520 12.8620 12.5510 12.4205 12.2786 12.1621 12.1861 12.0409 12.1212 12.1067 12.0783 12.0358 11.8952 12.2039 11.9786 11.8656 11.7364 11.8679 11.8982 11.8484 11.8163 11.7962 11.8665 11.7781 11.8371 11.9012 12.1238 12.2958 12.1155 12.2927 12.3571 12.3646 12.3018 12.2165 12.1374 12.5444 12.1248 12.1306 12.0883 11.8765 11.9852 11.9156 11.9199 11.8485 11.9838 11.9724 11.8407 11.9505 12.2033 12.2779 12.2040 12.0880 12.1042 12.1552 11.9991 12.1156 12.2808 
11.4315 11.2642 11.0692 11.0078 11.0008 10.9304 10.9299 11.0095 11.1140 11.2085 11.2814 11.3757 11.5164 11.8541 12.1521 12.2731 14.2636 16.0364 16.4518 15.6078 14.3045 13.0784 13.4657 15.6029 15.9923 15.5730 14.6653 14.0713 13.4255 13.0849 15.1397 16.3676 15.8858 15.4094 14.8070 14.0531 13.4328 13.1499 12.8448 12.6706 12.5070 12.4146 12.2741 12.1384 12.5461 12.5504 13.0081 12.5506 12.3441 12.1330 12.1025 12.2144 12.0888 12.1298 12.0016 11.9413 12.0685 12.1950 12.1306 12.0750 12.0116 11.8472 11.8591 11.8405 11.7576 11.7187 12.0050 11.7679 11.6990 11.7316 11.8424 11.9167 11.8321 11.8491 11.7768 11.8035 11.7764 11.5156 11.7514 11.9264 11.7385 11.6538 11.6080 11.4338 11.4188 11.3653 11.4280 11.3710 11.7373 11.5129 11.4101 11.6184 12.0017 12.5787 12.6930 13.3972 13.2456 13.0443 12.5942 12.3309 12.1367 12.1417 11.9844 11.9063 11.7831 11.9077 11.8495 11.8417 11.8021 11.7718 11.9461 11.7903 11.7185 11.4830 11.4976 11.4545 11.6105 11.4828 11.6159 11.6994 11.5843 11.6097 11.6694 11.8039 12.0800 11.9484 12.0480 12.0406 12.0599 12.1066 11.9970 11.9739 12.3959 11.9011 11.9122 11.8691 11.6105 11.7659 11.7010 11.6076 11.5780 11.7474 11.6503 11.7448 11.7288 12.0672 11.9405 12.0481 12.0386 11.8297 11.8366 11.8401 11.9068 11.8774 
11.2860 10.9709 10.6796 10.6886 10.6445 10.5680 10.5400 10.6258 10.7458 10.9640 11.1212 11.1599 11.2710 11.7412 11.9765 12.0654 13.9836 15.8187 16.1623 15.4996 14.1847 12.8760 13.2884 15.2861 15.6751 15.3039 14.5763 13.8763 13.2244 12.8669 14.9891 16.0588 15.6168 15.1708 14.6804 13.9555 13.3167 12.8994 12.6411 12.4178 12.1287 12.1294 11.9615 11.7926 12.1787 12.2664 12.6406 12.2184 12.0209 11.9831 11.8759 11.7607 11.8695 11.8888 11.7343 11.7165 11.8731 12.0138 11.8887 11.8132 11.6649 11.5853 11.6161 11.6004 11.4661 11.4392 11.7292 11.4510 11.4086 11.4292 11.6026 11.5818 11.5442 11.4554 11.4442 11.5323 11.4364 11.3242 11.5135 11.6976 11.6407 11.4413 11.2568 11.2977 11.2684 11.1650 11.1800 10.9238 11.3972 11.1986 11.0056 11.1694 11.5756 12.1902 12.4601 13.1585 12.9046 12.6348 12.3008 12.0295 11.9763 11.8506 11.8602 11.6647 11.5432 11.5560 11.5750 11.6385 11.5474 11.5118 11.7403 11.5237 11.3782 11.3066 11.2610 11.1971 11.2458 11.1184 11.3193 11.3026 11.2786 11.2644 11.4874 11.6477 11.9438 11.6988 11.7214 11.7806 11.8672 11.8999 11.6596 11.6881 12.1255 11.7077 11.6789 11.5135 11.2569 11.3830 11.3352 11.3526 11.2978 11.4819 11.4127 11.4429 11.6164 11.8699 11.7796 11.8032 11.7036 11.5675 11.5783 11.6832 11.7032 11.6416 
11.1814 10.8310 10.5647 10.5491 10.4205 10.3389 10.4048 10.5322 10.6842 10.8333 10.9392 11.0124 11.1993 11.6551 11.8765 11.8549 13.7400 15.4038 15.6790 15.2157 13.8617 12.7209 13.1610 15.0303 15.3961 15.1297 14.3530 13.6601 13.0134 12.6085 14.5443 15.5623 15.3371 14.9348 14.4357 13.6555 13.1713 12.6754 12.5315 12.1648 12.0462 11.9950 11.8656 11.7219 12.0794 12.1837 12.4969 12.0966 11.8963 11.7980 11.6840 11.6816 11.6138 11.6684 11.5578 11.5914 11.7376 11.7639 11.8406 11.7122 11.5312 11.4177 11.5398 11.4601 11.3812 11.2484 11.5284 11.3374 11.2019 11.2856 11.2500 11.3633 11.3465 11.3164 11.2743 11.4519 11.2462 11.2132 11.4667 11.5381 11.4194 11.3266 11.2357 11.1407 11.0684 11.0477 10.9403 10.8560 11.3900 11.0038 10.8867 10.9440 11.3902 12.0354 12.2064 12.9466 12.8153 12.4356 12.2068 11.7562 11.8396 11.7929 11.7728 11.5872 11.4254 11.4533 11.4846 11.3948 11.4963 11.3700 11.6753 11.3840 11.2075 11.0637 10.9855 11.0108 11.0711 11.0352 11.0264 11.3031 11.2425 11.2040 11.3976 11.5624 11.8556 11.5018 11.6168 11.6824 11.6842 11.6493 11.5557 11.5202 11.9162 11.5710 11.4771 11.3930 11.2653 11.1988 11.1910 11.2012 11.1364 11.3874 11.2770 11.3082 11.4801 11.7412 11.6512 11.6687 11.5579 11.4769 11.4221 11.4256 11.4596 11.4835 
11.1169 10.8900 10.4865 10.3854 10.3367 10.2239 10.2798 10.3267 10.4507 10.6722 10.9128 10.8085 11.1319 11.4614 11.7535 11.7057 13.5213 14.9636 15.2392 14.7844 13.8079 12.5305 12.9908 14.7047 14.9895 14.8024 14.0296 13.5576 12.8429 12.4137 14.2977 15.0455 14.8671 14.6862 14.2868 13.5157 13.0843 12.6497 12.3520 12.1077 11.7878 11.7941 11.7259 11.5642 12.0070 11.8892 12.2409 11.9379 11.7658 11.5780 11.4619 11.4574 11.4453 11.5506 11.4986 11.3420 11.6901 11.7364 11.7602 11.5948 11.4238 11.3043 11.3512 11.2991 11.2543 11.1354 11.4634 11.3206 11.0673 11.0843 11.1896 11.2575 11.1800 11.1875 11.1926 11.2651 11.1793 11.1502 11.3802 11.4430 11.4226 11.2260 11.0944 10.9596 10.9973 10.9472 10.8448 10.7850 11.1881 10.8831 10.8287 10.9307 11.2273 11.8241 12.0457 12.7373 12.5884 12.3515 11.9597 11.7311 11.7130 11.7067 11.6291 11.3722 11.3869 11.4149 11.2840 11.3594 11.2875 11.1802 11.4364 11.2322 11.0027 10.9378 10.9690 10.8971 10.9605 10.8992 11.0211 11.1610 11.1937 11.0417 11.3139 11.4500 11.5191 11.4814 11.5753 11.5075 11.5819 11.4972 11.4384 11.3243 11.8134 11.4754 11.2403 11.1140 11.0469 11.0398 10.9757 11.1097 11.0158 11.1410 11.1811 11.1537 11.4851 11.6513 11.6146 11.4957 11.3998 11.3641 11.3102 11.3043 11.4515 11.4459 
Height at baseflow, m
12.6956 12.3912 12.0945 11.8445 11.6591 11.4315 11.2860 11.1814 11.1169 
Slope, cm/km
8.11271714 8.80163898 8.94785092 9.17376716 9.05746446 9.15710479 9.15571399 9.19757302 9.34366851 8.99430909 9.06465612 8.98572473 9.09651871 8.82606508 9.22953423 9.47363163 12.52584359 12.45291156 12.38800372 9.25442445 7.89702696 8.80309367 9.08302878 12.73636904 11.66419372 9.80544902 8.60437841 9.05125155 8.92396625 10.13935240 13.63640791 12.12863928 11.04136364 9.65487559 8.85596474 8.48709900 8.78564613 8.93180489 9.32952706 9.33414082 9.57681929 9.41107620 9.33842231 9.61562160 8.65891353 11.14447937 9.46819172 9.52068251 9.61931459 9.50558986 9.61682246 9.74909396 9.70077693 9.49154394 9.41295951 9.51973255 9.26449586 8.93886111 8.62991672 8.89406649 8.89025071 9.63066242 9.37417974 9.45459201 9.25737578 9.77660432 8.73325631 9.41342134 9.80859450 9.72497460 9.83260873 9.55343898 9.52417434 9.72727048 9.31518235 9.25928563 8.92423569 9.09922250 8.90694317 8.32065611 8.20918997 8.47095920 8.67997903 9.12891551 9.08217708 8.88221524 8.97099302 9.36995154 8.90818123 9.05948491 9.32167122 10.03323214 10.35123216 10.47534758 10.33334799 9.99079772 9.46016635 9.30111009 9.00469171 9.15519319 9.09326832 8.69257625 8.54281785 8.77125216 9.30284036 9.36281911 9.60169771 9.50555543 9.26767184 9.41183044 8.78296847 9.42271997 9.32415048 9.46246971 9.69773948 9.67993814 9.66702689 9.55520507 9.55540526 9.19969290 9.40973970 9.16344954 9.02376792 8.81457042 9.01170203 8.96981669 9.61366745 9.46804556 9.45170312 9.57094123 9.39287481 9.71610450 8.90652404 9.09062615 9.62446200 8.94678738 9.78527101 9.76210293 9.82859895 8.97322398 9.66872787 9.36146609 9.52541152 9.46616335 8.99996018 8.79242715 8.96707209 9.10380788 9.07496142 9.34437638 9.40009558 9.29213767 9.60989213 9.55367361 
12.71870278 15.29659941 16.54566342 17.39940876 17.38818253 17.93660889 17.96791549 17.55608940 17.15219218 16.07903103 14.82616263 14.79308000 14.36121843 12.27338847 11.89499320 11.94156138 12.62225524 11.71299080 11.47642496 9.05092870 7.71560412 9.91424196 9.49369513 11.93512006 10.74694845 9.25000294 8.76682676 9.17707534 10.03469589 11.53140276 12.81919216 11.19364831 10.24503922 9.31016191 8.39349511 8.91039102 9.35795367 10.21697738 10.64220725 11.30659194 11.79182350 11.85126784 11.98847943 12.65145281 10.65625177 13.11451359 10.88825128 11.52274675 12.18960014 12.44544030 12.77969610 12.77939537 12.49618033 12.58346247 12.55040935 12.69334040 12.23905897 11.64887495 11.50930861 11.78211739 12.36325348 13.39635285 12.96942927 13.33459656 13.45751194 14.02567432 12.11907921 13.52789482 14.45011235 13.83433066 13.61493871 13.58271597 13.76441376 13.46633882 13.46406274 13.30105422 13.39471220 13.87184480 13.14551886 11.81922042 12.04060949 12.48606867 13.60255332 14.14442327 14.40212334 14.65283982 14.81296986 15.29373088 12.73356020 14.57435496 15.36311135 15.44949777 14.31354375 12.81500492 12.29379608 11.12282958 10.55914785 10.69555373 11.19762440 11.77182474 11.76870050 11.16613197 11.54729759 12.59541389 12.98273273 13.19156620 13.25870668 13.03947608 13.18314170 13.77667951 11.76782808 13.37684483 14.13938379 14.49541194 14.68481511 14.66230154 14.67790129 14.60342844 14.38042272 13.98245902 13.93763545 13.99146756 13.40948257 12.01795847 12.41388280 12.47118981 12.53312034 12.60406113 12.47690320 12.40724272 12.89444315 13.31154921 11.34222294 12.50460461 13.58876226 12.96272976 14.40857040 14.24729807 14.26385863 13.55341201 14.15336234 13.58794805 13.95007169 13.58104538 12.86062417 11.81478374 12.15349089 12.23044943 12.47641312 13.03809024 13.25447061 13.24808891 12.88000037 13.19682574 
5.08469705 5.57550301 5.74311658 5.97528976 5.70356587 5.94214839 5.96272812 6.04168460 6.09986718 5.89385765 5.86861312 5.90095795 5.65721568 5.83435748 6.51669971 6.82189474 10.91878448 12.37786556 12.72178232 8.67696439 6.45494041 6.87659637 6.92612668 11.65648019 11.26357096 9.20399924 7.54241003 7.57521196 6.99334031 7.90847324 12.23243791 12.18417559 10.44462610 8.96501373 7.44760396 6.90014933 6.81309664 7.01857450 7.07890478 7.04600665 7.08844109 6.95080777 7.13012467 7.12775860 6.05495220 8.90233272 7.50345856 7.25811148 7.20513248 7.31582791 7.28054708 7.11904637 7.09502626 6.81867319 6.74577052 6.73759169 6.48195393 6.08314403 6.12026355 6.05441731 6.16308830 6.79051929 6.64804788 6.64057440 6.64335989 6.55874602 5.85493321 6.41416300 6.99010118 7.19503326 7.31959381 7.14995232 7.03329843 6.93685948 6.80487802 6.43100640 6.20234855 6.23136493 6.12154716 5.42152240 5.15077022 5.33334628 5.82963601 6.01152288 5.92799746 5.91996518 5.86932501 6.25406336 5.85678884 5.87670667 6.42783165 7.07215330 7.85436730 8.16829190 8.00090312 8.29243823 7.43796214 7.17788892 6.90670387 6.76845876 6.27075592 6.00231283 5.67819497 5.89401094 6.26934693 6.49851336 6.76958706 6.80362754 6.64879239 6.94390304 6.03630478 6.52038998 6.65927395 6.94988552 6.93841340 7.11465463 7.13985873 6.82801387 6.68103739 6.49945078 6.29260520 6.34427664 5.97575947 5.60720762 6.79993635 6.24348806 6.65715655 6.69000363 7.06330065 6.78310653 6.68014917 6.94979117 6.67617843 6.48807521 7.16212367 6.61495277 6.73931005 7.00837180 7.22507203 6.43377372 6.78782300 6.50219557 6.63002165 6.48185346 6.27834843 5.85974040 5.72799081 6.43759838 6.21638217 6.57238522 6.71211379 6.76948041 6.86352955 7.16781240 
3.89119888 4.26511871 4.19337060 4.64112987 4.42528725 4.40238261 4.47716101 4.55019035 4.63358751 4.31334538 4.45650443 4.44320637 4.27093595 4.65660259 5.55301711 5.91866475 10.94980317 13.50895375 14.13443723 9.07958831 6.32223434 6.47440226 6.02054778 12.60578045 12.11520936 9.69003005 7.24607653 7.35055496 6.95598473 7.24832854 13.12110773 13.69749460 11.34135448 9.06863407 7.56411800 6.78191954 6.54114642 6.52150183 6.45178329 6.28018664 6.31220549 6.37286268 6.11588978 6.21145027 5.68509787 8.03506866 6.95008004 6.45864248 6.38760298 6.32957658 6.40871951 6.31162547 6.16885900 6.08416307 5.88140902 5.70783140 5.52614869 5.14965737 5.27029069 5.08774642 5.06782254 5.49527432 5.62404235 5.52036834 5.45543100 5.50391088 5.02508838 5.07266537 5.74513588 6.06147799 5.88206194 6.13016886 6.16766117 5.83115651 5.71511769 5.31647344 5.22310699 5.12131401 4.83845348 4.36693177 4.30553737 4.37231734 4.55117816 4.70142962 4.58748755 4.88711711 4.43914795 5.09351335 4.38877461 4.65463476 5.15251294 5.65115819 6.92655711 7.56013716 7.20620974 7.95842906 6.93685961 6.69102501 6.17192069 5.98461161 5.51350785 4.78389482 4.90731910 4.76098776 5.31243627 5.36543552 5.51537509 5.45412988 5.39324010 5.69540843 5.07516578 5.48755236 5.59096424 5.57381757 5.51257269 5.70198659 5.81544219 5.77044886 5.45171146 5.10458920 4.98953753 4.81362381 4.74288112 4.19497473 5.46906879 4.97440013 5.64181497 5.94924077 6.05870177 5.72756799 5.66608090 5.81032780 5.74742041 5.58569387 6.00799517 5.77625478 5.78800942 5.94932734 6.10111280 5.45648465 5.58187170 5.40723137 5.27802686 5.08611733 4.88820357 5.04749986 4.98077929 5.29683729 5.36985137 5.41949017 5.56140708 5.57486985 5.87695405 5.89800349 
4.54934616 4.93668806 5.19711386 5.25612134 5.35113628 5.70695033 5.28715549 5.46246520 5.20550717 5.17608228 5.43401495 5.29831745 5.13311072 4.89402344 5.91483546 6.00804925 11.10733782 13.01615863 13.71964834 8.71121949 6.36477074 6.85592313 6.28369910 12.34536259 11.66741733 9.28395060 7.15167503 7.41120247 7.12745954 7.54406728 12.91062169 13.29518022 10.79240242 8.64494118 7.30498006 6.73663627 6.75156287 6.98281373 6.80280364 6.81902375 6.92286311 6.76721298 6.78229858 6.97778847 5.95557038 8.48929614 7.09369860 7.08998718 7.08474461 7.23892475 7.23668362 7.02815987 6.81580679 6.35391059 6.29655892 6.34378615 5.92337985 5.78648492 5.49799022 5.49958643 5.63185667 6.37522994 6.17133460 6.18046705 6.15611830 6.33122820 5.30737450 6.02025860 6.78557786 6.87579987 7.21750199 6.94330574 7.01023531 6.74274699 6.82036250 6.44773750 5.80361112 5.87851855 5.38900244 4.82588495 4.76563158 4.75880501 5.22711741 5.39283153 5.34136779 5.48357092 5.33280888 5.72306718 5.16354380 5.35857987 5.84758388 6.65556226 7.87497315 8.39789685 8.06222924 8.43157485 7.29478859 7.14459801 6.65648999 6.75921735 5.98804342 5.23890427 5.36211821 5.35329803 5.70916196 6.26201649 6.38447497 6.29816887 6.36973055 6.46220342 5.71449148 6.13690730 6.22345179 6.53349454 6.53583724 6.60080210 6.62085505 6.56756371 6.23474656 5.89966395 5.60536720 5.86396718 5.34108965 4.98492362 5.99189697 5.54274513 6.19170156 6.34234460 6.66149791 6.21709003 6.32201167 6.81501455 6.36108211 6.09031659 6.80844691 6.71588444 6.51631705 7.02463671 6.83016601 6.21119976 6.21031834 5.94703038 6.02430465 5.86446030 5.74754930 5.09687097 5.14623553 5.94228357 5.73165591 5.99340219 6.32084760 6.43264504 6.50968841 6.77765586 
6.96467314 9.02166316 11.09366825 12.47071649 12.79855043 13.29017012 13.39953030 12.72947404 11.53483273 9.34533163 8.92682700 8.91378521 7.29914559 6.58582042 6.85147880 6.91627768 7.27086804 5.05737764 4.84484239 3.93888808 4.22144738 6.02602027 4.82263890 5.70865964 4.80972921 4.31806031 4.29030068 5.02044634 5.70350088 6.71962509 6.46483577 5.01560814 4.50421698 4.09701871 3.97459217 4.54259106 5.42536995 6.14009176 6.43301096 6.87335843 7.67824378 7.46385837 7.80245824 8.40263538 6.29522908 8.37694301 6.93084574 7.37136835 8.17801206 8.38294842 8.51520148 8.66766438 8.43387901 8.15576527 8.06024312 8.36736354 7.26241520 6.37573159 6.38860344 6.68764518 7.47556638 8.35598888 8.44882293 8.49474359 8.69506779 9.26872582 7.15514530 8.76306045 9.85326642 9.88256222 9.57916369 9.71368930 9.88487572 9.73078652 9.16042180 8.78678042 8.42448662 8.63745292 7.42950698 6.08637590 6.36374247 6.93390840 7.60829889 8.48621939 8.85379129 8.84068421 9.22980221 10.15813075 7.12165855 8.98569084 10.56449453 11.13397158 10.38710959 8.90761682 7.92914134 6.91126209 6.25815237 6.72229674 6.93216508 7.54036329 7.08658025 6.24025570 6.42776960 7.14144756 7.63165695 8.18673195 8.45545052 8.62800088 8.62159073 9.34948927 7.12382291 8.72724936 9.70308797 10.48729915 10.46500457 10.71998752 10.80630059 10.23456584 9.71173029 8.83895836 8.68154419 8.91089554 7.27317777 6.23076567 7.13877111 7.20448365 7.55262089 8.06781587 8.05488156 7.83057732 8.32535473 8.98199358 7.16863833 8.25907592 9.40558227 9.29195500 10.27512762 10.27759111 10.45820104 9.60803178 9.58700278 8.63504617 8.74546452 8.79562084 7.45827240 6.40803769 6.55085402 7.00275215 7.46907886 8.19297292 8.73926071 8.39261793 8.76560231 8.84183290 
1.98063712 2.17956248 2.47945140 2.70881957 2.94689140 2.88411675 2.92473891 2.78572782 2.62409070 2.06908734 2.47325645 2.34899823 1.92668242 1.93672936 2.74619481 3.07200197 5.20724425 6.85457312 7.38595753 4.89795000 3.75900809 3.59327305 3.28069125 6.03687589 6.43028724 5.09678004 4.07045204 4.17472418 3.83071297 3.73892299 6.04079644 7.16123717 6.02407861 4.62504862 4.05896641 3.97790515 3.56561397 3.43847898 3.36782547 3.51671575 3.52310570 3.44299514 3.44458432 3.48027595 2.95577319 4.17868806 4.08367044 3.67584713 3.60966866 3.59580548 3.55661185 3.69481699 3.05546359 3.00742781 3.10657919 3.09130590 2.65294039 2.51235308 2.58497670 2.50378842 2.33344322 2.86971866 2.90346382 2.84994601 2.89761805 2.93861670 2.46564121 2.70730292 3.13785620 3.41794762 3.33718774 3.43565075 3.48741577 3.26812070 2.98860229 2.71949906 2.48095063 2.76514612 2.23240220 2.01468959 2.03549664 2.06745228 2.30973898 2.13733686 2.28784408 2.54488929 2.37037300 2.68195325 2.18054848 2.56632080 2.88002677 3.16919389 3.80966621 4.20691604 4.12857633 4.36228337 3.81657409 3.63234129 3.47074977 3.26822432 2.84786963 2.25472720 2.10844771 2.35448624 2.43768979 2.90998127 2.80962160 2.71603762 2.79955689 2.97268971 2.61517832 2.66340595 3.01034861 2.80574650 3.10143304 3.42687675 3.27340134 3.10659752 2.89944034 2.92702624 2.75786646 2.49228595 2.19031542 2.02983729 2.58526628 2.36280742 2.80517966 2.95637212 3.06870899 3.01066681 3.03413029 3.09574153 3.05090065 2.77848832 3.36893146 3.08548545 3.18531449 3.26576870 3.35716334 2.97881322 2.86985768 2.71481481 2.60840134 2.58648159 2.33184421 2.22724186 2.23863461 2.67313803 2.76870318 2.93163508 3.02442011 2.80451476 3.05895842 3.44350987 
2.16398539 2.33100660 2.49326349 2.67645254 2.59225044 2.85755180 2.74875089 2.62955533 2.49440924 2.16314191 2.22127684 2.46571826 2.12460947 2.22514394 2.93210800 3.39676118 6.44147473 10.88107944 12.68097431 7.34284910 4.73189958 4.39429724 3.96347633 8.61479693 9.86738207 7.59597045 5.33402168 5.29546751 4.70849937 4.59904600 7.59926002 11.85435275 9.25980168 6.56891547 5.58484499 4.62708978 4.16301502 4.29137412 3.87535918 3.87589911 3.78684417 3.70600087 3.84072345 3.90161512 3.33687316 4.51416653 4.28608641 4.08044195 4.19380262 4.16332952 4.06067236 3.95575466 3.41159403 3.49885635 3.47338392 3.27013741 3.10540014 2.78560169 2.77902975 2.94359548 2.69682943 3.09300785 3.09816412 3.30346892 3.16607290 3.30541919 2.83384809 3.01090164 3.44230030 3.66447221 3.79597374 3.93211384 3.64707610 3.48514360 3.30063258 2.88074738 2.78838646 2.76609810 2.44812865 2.26290605 2.14553391 2.12623694 2.42483346 2.54871922 2.40331795 2.49808754 2.40155065 2.80781288 2.42722301 2.67184055 3.00900933 3.51097206 4.21181924 4.61274981 4.55338581 5.13167317 4.67300714 4.27456029 3.86448888 3.56444042 3.06521944 2.45598726 2.47763233 2.45746686 2.81241198 3.08502146 3.08349786 3.04875070 3.36491286 3.30479008 2.98901391 3.10272508 3.29806462 3.41976530 3.36044139 3.51373115 3.58135131 3.49830921 3.12546284 2.73852482 2.63874112 2.92480883 2.30481181 2.21189174 3.04588634 2.67012759 3.29349223 3.34620649 3.43336467 3.34497718 3.46470939 3.46756606 3.41889813 3.13979214 3.48141690 3.75298402 3.32812511 3.76717898 3.60292790 3.29803555 3.37450267 3.00178260 2.85864421 2.87226192 2.52814172 2.44372566 2.59014163 2.77853060 2.72305133 3.00412480 3.21437595 2.96074488 3.27204699 3.67143557 
1.81644156 1.76190546 1.98644354 2.02475855 2.06912311 2.25320950 2.16336079 1.84282894 2.02781000 1.65507786 2.09284727 1.83300556 1.50866886 1.74637487 2.46980308 2.77782386 5.76436470 11.41262889 13.09655701 7.24193087 4.46754551 3.98404275 3.65663082 8.58176361 10.04113459 7.55576367 5.14389733 5.11494535 4.20575476 4.14363580 7.22301274 12.25318778 9.36342461 6.43557607 5.14678578 4.33290188 3.80675550 3.86994135 3.58629740 3.55530356 3.56933876 3.41118068 3.32544057 3.17000622 2.97268487 3.86961779 4.02919584 3.72639948 3.35542913 3.65935819 3.44893928 3.48669926 3.35627254 2.76529602 2.81075513 2.79901351 2.47659422 2.27443302 2.36341143 2.50062637 2.22338387 2.55837198 2.80433011 2.38668203 2.42243591 2.66956286 2.39416794 2.55869389 2.75346861 3.15496887 3.28365466 3.30034135 3.12906058 2.85826705 2.65314595 2.43198776 2.50530707 2.28436740 1.92604350 1.66046347 1.57618790 1.84663925 1.79798971 2.10160789 1.93703292 2.12368268 1.78289984 2.26652670 2.09631449 2.08060494 2.34773898 2.90098264 3.29571160 4.16955481 4.15330564 4.80259981 4.15135463 3.83899810 3.49102683 3.16915206 2.66906322 2.01985134 1.97252907 2.01517570 2.19295185 2.46625580 2.70698102 2.72974525 2.72591742 2.68183832 2.55452645 2.57646767 2.76777285 2.86988307 2.81521271 2.79562539 2.75664765 2.82293544 2.51373424 2.23610241 2.11290326 2.22386158 1.90029052 1.81087742 2.48865885 2.17236941 2.62595197 2.90633635 2.94472367 3.07830214 2.78134473 3.08645912 3.06810591 2.76107209 3.20373125 3.05706406 2.94573621 2.99905779 2.82391343 2.90288899 2.63173103 2.49551200 2.42482402 2.32260677 2.19562525 1.85388713 1.94429266 2.33987163 2.47207969 2.53027683 2.40533852 2.45963626 2.81549391 3.22030751 
Width, m
95.4350 87.3091 93.7189 86.8570 84.1687 91.1937 87.3664 86.8391 91.8014 89.0960 87.8408 82.2410 91.8432 84.1116 89.5986 86.8099 97.1223 117.0239 138.0787 108.7994 97.2169 97.1928 96.7889 110.1027 113.6365 105.1409 90.4828 97.2592 95.7651 96.3962 113.2789 122.6968 110.7732 108.4733 96.0001 97.8010 104.5971 97.2906 96.2266 96.2935 91.8620 91.0717 90.0946 93.1346 98.0070 95.3981 95.3698 93.7815 91.4568 97.3027 96.7075 89.1854 86.8118 101.0546 95.1928 86.1312 85.1659 88.4578 79.7982 88.2738 92.0318 98.1444 94.4392 95.0277 92.3183 96.3997 87.6137 84.6883 91.2849 83.0690 100.7651 94.7942 86.7488 96.6277 89.3799 95.5252 89.9379 92.7213 89.7075 97.0808 71.7561 90.6073 83.0188 88.8152 77.4096 97.4025 84.9206 85.2855 90.4637 86.0664 83.2626 92.4881 89.3180 96.8224 87.0334 104.1785 93.6744 86.4778 96.3301 98.1106 88.4579 99.3361 99.2858 94.3902 94.1643 85.2882 88.4114 89.0617 87.2724 89.1956 81.6252 86.7525 87.4748 91.7876 88.8284 89.6426 87.3233 85.7850 86.6093 88.0382 91.2229 95.0943 86.1921 82.6483 91.6766 96.1436 87.6749 93.4441 93.1176 95.3408 91.4199 94.2170 87.6364 90.8916 97.6973 90.1326 97.5946 92.1472 93.5998 88.6507 78.6118 87.4113 86.0039 87.6983 85.3641 95.7533 87.5940 93.3162 97.0827 81.3658 89.5610 93.8206 85.2414 95.9786 
92.0281 95.2673 82.6893 96.4692 88.3768 95.3103 93.1002 97.0069 88.1122 91.0919 90.4335 103.0368 93.2502 96.9922 99.9145 102.7950 126.1423 184.2207 189.0081 165.6291 126.7916 103.6751 101.9586 177.6952 177.6008 171.4701 128.3492 118.8009 101.9565 104.4317 178.9427 191.3646 175.8438 155.2296 132.1261 112.7364 112.8912 108.9446 105.3318 112.2566 106.2739 103.9497 104.7300 102.1108 98.8508 102.2966 109.8878 97.0665 109.4201 105.4052 98.5795 98.6910 101.1228 98.7075 100.3957 97.0669 105.0099 107.9573 106.4947 95.5034 100.6469 93.5780 98.1313 103.0863 99.6998 104.3247 94.4885 102.2863 93.6285 90.9312 112.5383 102.3958 95.2021 108.5707 93.1309 93.7194 95.6079 103.1145 99.1481 95.2898 97.2969 93.6631 92.4689 94.8889 85.6208 97.7464 97.5187 105.5795 96.2506 101.9880 101.2158 95.8256 93.2168 103.2804 99.3127 114.3490 107.2576 99.5295 104.7333 96.4141 96.3830 95.5280 98.0699 95.6110 101.3502 106.3251 101.1514 107.2841 95.7264 98.7747 104.7300 105.7984 98.9540 89.0755 85.4063 97.2434 103.2574 95.0675 99.8426 88.9898 86.1020 93.7503 97.3246 91.2520 107.4158 96.0154 96.1832 92.0611 105.9468 91.9599 92.0861 106.8364 109.4560 98.3286 98.2470 99.5583 101.6140 93.7700 101.5719 108.8875 89.1683 90.9665 102.5317 91.2896 104.5786 98.5491 108.7142 106.1288 107.7458 98.3073 103.8942 97.1804 99.8761 101.7342 
89.5574 89.7736 85.0623 79.4910 93.2714 81.3116 87.0537 85.8167 83.9617 91.9534 86.3915 88.0061 87.2031 98.1538 85.5719 85.5981 113.7266 180.1377 187.0834 119.5902 105.8716 91.0483 88.4134 149.5135 163.3430 118.0152 111.3310 101.2062 90.0594 92.6758 104.5854 177.5593 165.9099 114.0224 104.9101 93.1932 93.6701 83.3575 94.6443 98.8608 103.4210 96.1807 86.5992 90.2616 94.4602 90.7215 94.6786 102.7134 88.1527 93.3932 92.8471 85.8963 95.2002 88.0055 92.1482 84.1071 80.4628 88.9524 88.1909 88.9235 83.9311 96.4923 82.2964 82.0551 93.5755 97.5861 92.5787 91.3660 88.0214 80.8637 84.2955 88.2507 87.7294 86.2304 86.8296 87.0393 85.7773 81.7166 91.2779 92.8548 86.1621 95.0095 88.5861 87.3681 82.4263 84.8579 79.0648 81.3318 88.4339 81.0835 83.6702 80.4734 94.5030 93.8334 83.5170 99.9232 100.5677 81.9503 85.0306 78.1054 94.4155 87.8734 91.7847 82.1934 85.5884 90.3215 95.0045 77.1338 87.4768 83.0760 97.1244 82.1813 80.0752 93.7869 87.5651 88.5477 95.3585 88.4072 95.7303 83.8442 80.4934 87.0663 90.2636 95.1819 91.9177 86.8901 95.6933 94.6261 95.3836 98.0909 88.9604 94.0703 88.5960 89.9338 81.1662 85.8654 91.4040 91.0074 93.0011 82.5106 86.4345 90.6369 91.2756 84.2265 91.5567 86.7892 90.2803 87.1095 92.7045 95.8686 89.3696 85.5731 89.3563 96.0114 
83.1499 85.1210 76.4532 80.0003 83.4571 74.5411 79.9564 86.6299 79.6155 82.3393 86.2868 88.9028 84.2689 96.1364 85.6119 93.0588 96.3883 104.6478 109.7922 87.8697 91.8992 83.5521 97.6171 98.1825 89.1963 98.1070 89.1951 93.9593 87.5538 93.6755 98.3944 100.1697 106.5480 103.0008 100.7200 86.5817 82.4745 96.8307 90.4808 90.1522 83.5872 97.1815 98.3131 90.7472 87.8980 93.0647 86.2121 86.5778 72.2400 70.3791 90.7739 82.0268 94.2663 81.7531 84.3178 82.9059 87.3530 84.7922 82.2689 78.7317 81.9823 75.6668 86.2594 84.6240 82.2798 77.0602 86.3047 78.4912 82.1506 86.8281 83.4757 76.9181 81.4074 98.5832 80.2085 85.6805 79.1639 81.3600 80.8969 84.3855 80.4847 72.5688 88.8147 76.2995 85.5668 83.4493 76.6742 77.1433 91.6043 83.0167 81.2738 90.7166 88.3132 98.8199 83.6042 90.4884 89.7774 88.9387 85.9440 83.7836 83.0500 82.4197 83.6406 85.0735 88.6987 79.1827 79.8314 82.4124 82.3760 88.5098 84.4499 79.0395 80.1153 90.8986 83.0472 80.5701 86.6694 78.0292 85.9109 91.6647 88.3131 76.2819 81.6698 81.6601 82.9941 86.8026 87.7046 84.8880 78.6673 80.7783 82.8794 86.2035 84.5829 85.7056 88.0544 90.9252 80.6700 84.4224 90.2600 83.5882 86.9273 76.1069 88.2404 82.4441 82.8734 86.8527 88.3139 86.6726 85.8844 85.6225 90.3863 78.3051 87.3964 79.0364 
84.4498 88.0179 81.7026 90.9856 86.4521 89.8021 88.6952 86.0308 85.2988 90.7095 83.9958 87.8840 84.3339 97.1227 93.8578 99.3941 108.0180 129.2344 134.7310 123.8986 108.6747 98.3850 94.2812 125.8315 121.8437 129.2411 104.5831 109.8810 95.3587 94.5849 129.2207 138.5993 136.0127 119.4597 114.5425 107.5537 96.4117 100.9736 99.6830 83.6733 94.2144 88.8818 98.5819 93.9755 93.6309 86.7723 97.2412 93.8228 102.2338 99.3680 93.4038 87.6486 86.2811 92.0793 86.7681 85.2244 106.5566 88.1913 97.3337 89.6281 96.9547 92.0299 96.7720 94.0782 88.2364 85.6212 89.6836 89.9802 94.0919 87.1927 82.8760 95.0023 85.2545 96.6399 86.9235 83.6994 90.9982 86.4582 88.9637 91.3663 90.7488 89.1740 85.3784 93.5505 93.7719 90.6610 81.2208 94.1836 84.8035 84.6093 88.6008 75.5460 82.9319 96.5701 93.8827 95.6449 91.7064 93.6467 92.6926 92.1073 99.5360 86.1289 83.7049 89.6298 89.4434 100.9733 91.5596 89.9173 93.4240 89.4818 85.5599 86.4282 92.0328 85.1518 88.4827 81.9289 86.2785 78.7810 84.1048 84.3583 86.3250 87.9456 91.5666 95.2043 96.3444 90.4528 97.0438 91.8632 92.8869 98.9311 97.7782 83.9839 99.0539 84.8707 91.6872 98.2574 90.0736 92.7076 95.9448 93.1085 94.2316 86.8650 86.9657 87.9872 83.2921 94.0282 79.8764 99.2478 85.7760 87.1108 95.0878 95.3463 95.7359 93.5527 
124.4769 116.0419 128.1225 107.5878 125.5394 122.1303 116.3008 126.0570 115.4624 123.6584 122.8044 123.8881 123.5779 143.1814 165.9639 175.0998 296.5265 453.3697 500.0809 418.6755 300.3949 216.9269 242.1163 420.1882 442.1249 413.5212 333.8013 289.9786 228.0162 201.1034 374.7476 469.5529 441.9257 386.6109 355.5408 283.0920 232.9219 204.7073 189.1042 186.2576 188.4880 180.1560 179.4450 176.7045 175.0915 189.9988 193.8967 179.3299 170.4559 176.0840 172.9499 178.4522 174.0998 176.9829 182.3373 178.5832 172.6576 177.1449 175.1873 178.2934 131.5945 134.2956 131.3447 128.5865 133.3495 133.1997 172.4324 136.2672 131.2271 129.4135 142.8582 132.5912 132.9221 122.8633 133.2206 129.7327 129.3444 123.6977 130.9388 129.7505 133.1065 133.3160 122.4919 121.3649 117.5602 127.1454 125.4489 122.7029 130.6820 122.4935 130.4843 124.1752 149.2772 180.8019 181.6228 221.8431 219.0537 202.5279 177.3331 182.9953 172.0926 174.2247 182.1025 127.3960 128.8505 131.4833 130.1302 134.1780 134.3569 121.4364 172.0917 129.3717 129.5248 124.8535 130.9424 116.5603 133.3904 125.1415 127.2724 125.9543 128.1449 131.5151 128.1936 123.2600 169.8919 157.4379 168.4913 175.0653 170.8790 173.5101 185.5254 143.8585 178.4791 147.6891 128.1074 126.4489 128.2984 142.7071 125.3551 130.1937 126.9646 135.4016 131.5305 140.7021 126.7465 164.8213 177.6940 171.0383 168.9950 125.1722 138.0814 134.1917 133.1941 148.2146 
108.6147 102.7031 95.0112 102.3842 105.4027 99.3912 102.6004 103.7194 103.7469 112.6200 103.1847 111.4003 114.5626 112.0859 117.4539 119.3633 207.5976 328.0302 353.3059 279.2193 215.1044 148.2747 159.3861 279.2979 309.9351 286.4729 242.7915 212.2237 168.7813 129.2770 260.9992 341.3158 307.3352 279.7602 254.1898 199.9501 168.1363 134.7693 121.4872 120.3590 122.5325 117.9380 107.5492 110.7912 123.0669 114.2304 131.2602 121.5694 119.2892 114.8449 112.8464 118.7318 117.6700 121.3240 112.6607 117.8313 117.2227 102.4408 104.8497 120.1968 115.3597 112.5912 109.9133 120.7981 110.7523 112.3380 105.7240 110.5215 104.6103 112.9313 111.1128 109.2073 128.4440 113.5228 118.8178 109.9599 103.9226 105.1365 118.2036 108.1606 113.9491 115.4489 102.2945 113.4371 115.1487 114.2550 115.3864 105.1855 114.7885 107.6134 101.4604 109.2286 103.5010 113.2019 131.8024 164.3425 149.9113 121.9387 111.2489 110.1715 114.7374 114.1563 127.8625 109.4948 106.0630 104.2249 111.4475 108.6955 114.5148 115.2099 116.0142 107.7267 118.4912 115.1922 107.3097 108.9907 114.2891 105.7781 107.3666 115.6745 98.4424 103.0911 109.9648 108.7661 122.8240 115.0445 111.0146 110.6073 111.3398 118.6010 112.1528 113.7057 122.1217 112.7105 109.7094 106.5041 108.1934 110.6913 116.2540 114.9339 108.4753 115.7956 114.5089 112.2580 119.4289 113.0366 111.0665 109.8238 115.8612 113.8234 106.5762 119.6657 113.3741 113.1128 
88.3339 88.3129 82.1048 87.4110 85.3575 90.7027 91.4607 92.0138 89.3889 91.3546 88.6484 85.7271 88.7618 91.6048 91.0020 93.4634 92.3800 120.7667 105.5851 110.9619 94.5884 90.5679 94.8225 106.0390 119.5031 108.5304 102.0032 88.5135 96.4338 95.6651 100.3979 124.0687 112.1649 112.2689 99.4117 103.1773 96.3550 90.9282 96.9137 93.3986 100.8318 99.1447 98.0675 84.2671 95.1140 90.3363 93.1938 89.1865 89.8894 84.1066 92.3700 84.3221 84.2057 95.3624 103.9091 88.7074 85.2753 92.6936 86.2518 94.1697 83.4642 94.6494 98.9630 90.9689 87.6050 84.5671 89.2883 90.3233 93.8507 84.2057 81.9266 95.0141 88.8933 89.9071 98.4598 89.4481 87.7560 87.2945 89.0696 80.8070 88.5453 82.1170 82.9923 94.1531 92.4688 81.0210 94.2292 85.4437 94.5444 95.4071 92.5185 88.5053 80.5038 92.3385 91.8862 103.0083 93.7558 97.6165 98.6278 94.0309 87.6102 86.5732 83.3396 83.8749 92.6254 88.3614 84.9841 91.5620 89.6897 88.6230 82.3211 82.5984 90.5393 92.6434 81.4141 89.5310 87.7759 91.2050 95.7502 96.2699 91.2655 86.1795 85.5817 89.3297 96.8360 95.8002 91.4574 85.2792 84.3853 94.7691 83.6351 88.7929 91.5779 89.0545 90.2500 83.4555 88.2956 92.4293 87.8881 87.5201 84.1313 87.5131 88.3389 87.2527 85.0076 85.8235 88.1828 102.4474 88.2583 98.4697 82.5215 99.1689 90.7872 85.4024 
87.3030 79.5832 86.5181 81.7101 90.9641 74.8455 83.8992 82.7570 97.8171 85.4472 95.1685 85.6728 92.8946 88.4687 90.5606 88.8314 94.9129 119.6209 122.6061 109.5119 106.4992 92.0978 98.0822 104.4484 115.1524 102.3522 102.5978 98.8812 88.9391 87.0930 97.8355 121.2034 101.4295 102.6316 96.6609 98.5427 90.5167 98.3764 93.4456 96.0660 92.5944 101.6426 92.3052 97.1946 88.1076 86.2817 96.7487 100.1692 86.6331 94.1690 77.0758 90.8269 83.5758 91.1832 89.4219 88.1803 95.3293 90.4414 92.5768 97.5445 87.0768 87.0214 98.1067 97.6448 97.2201 89.2682 89.5394 83.0592 91.4024 85.1214 99.1156 90.6476 89.2556 88.3684 89.0812 98.2217 85.6766 91.4405 91.7553 87.6483 94.0803 86.6728 82.6091 82.6823 79.1194 83.1583 88.6716 86.1237 88.6074 82.4798 89.4145 85.2937 86.9534 91.8517 90.4300 90.3307 93.0018 93.6693 87.8774 86.7995 86.8030 92.5665 74.9097 88.6859 80.0317 90.1102 85.1063 85.5786 91.7557 84.6912 84.8902 81.3479 88.4290 75.5617 93.8943 83.0968 82.4989 85.5347 87.9610 99.2698 82.9364 96.0484 94.2023 87.7993 91.7872 87.4758 91.8877 86.0962 83.6597 86.6261 93.5301 87.5383 100.0299 86.2840 87.7773 92.7490 90.6010 82.6347 85.0669 89.5660 76.8439 75.0135 84.7340 86.4332 86.2462 89.5144 77.1678 86.8242 88.4042 92.7598 94.1313 84.9882 88.0030 86.9280 
Standard deviation on slope cm/km 
0.1000 
Standard deviation on height cm 
5.0000 
Standard deviation on width m 
5.0000 
