A0 [m2]
275.2390 289.6668 321.8778 339.4254 355.2620 362.8751 474.6569 423.4927 451.1953 
qtrue, [m2/s]
0
ntrue [-]
NaN 
Qtrue [m3/s]
146.98 144.83 138.59 140.05 136.99 138.87 136.58 140.66 144.34 147.90 159.37 155.17 169.84 194.04 236.93 248.25 652.97 1001.49 1062.69 677.16 415.13 322.02 365.23 898.07 905.44 716.77 503.54 450.98 372.69 359.48 877.71 1022.18 842.38 674.44 536.89 426.72 368.01 334.24 309.08 289.13 274.50 263.41 255.05 248.79 246.98 346.98 321.51 284.27 267.63 260.20 254.01 249.16 239.90 233.28 227.05 225.10 224.84 223.04 218.68 211.24 198.49 214.47 213.27 211.07 202.93 204.21 199.02 197.16 210.42 217.67 232.69 226.50 222.59 215.53 206.81 204.44 192.40 184.64 185.95 181.70 169.27 165.54 168.11 170.11 164.97 163.31 161.95 166.03 174.05 164.54 170.11 199.14 253.83 320.08 331.87 411.28 350.80 315.50 274.92 250.71 230.54 213.18 196.97 190.37 199.62 209.24 214.56 213.31 210.89 205.30 204.40 201.10 196.52 191.96 193.48 198.42 198.68 196.23 192.33 187.63 185.13 181.66 183.25 182.76 224.84 204.91 222.84 235.95 239.38 234.82 222.62 226.65 244.73 212.04 224.67 209.37 202.79 213.82 213.45 189.20 196.70 195.42 197.54 193.04 195.40 203.70 204.20 211.85 208.71 208.73 211.08 211.53 222.62 230.79 
148.26 145.19 138.88 139.93 137.07 138.56 136.71 140.63 143.96 147.06 159.60 154.94 168.57 193.11 236.25 245.24 638.46 998.90 1065.82 687.37 422.09 325.21 358.42 888.53 906.54 723.71 508.25 454.25 375.37 356.58 858.76 1024.13 847.68 676.33 541.60 429.79 370.04 335.53 309.81 289.66 275.10 263.92 255.52 249.06 248.64 339.78 323.73 285.84 268.12 260.49 254.42 249.33 240.18 233.49 227.28 225.28 224.57 223.60 219.37 211.45 199.61 212.48 213.61 209.81 202.70 201.05 200.36 196.93 208.85 217.56 232.35 226.69 223.38 215.28 208.70 204.64 193.82 186.49 187.57 181.99 171.67 167.79 170.54 169.95 164.30 164.93 162.07 165.91 172.68 164.12 169.46 197.51 251.47 318.09 328.90 412.04 352.45 317.22 277.03 252.23 231.14 213.69 197.74 190.47 198.62 208.78 214.24 213.02 211.39 204.91 205.14 200.74 196.87 192.45 192.97 197.87 198.94 196.38 192.17 187.41 184.48 181.37 182.61 182.62 226.20 203.98 223.52 236.16 239.48 233.37 221.80 225.62 246.48 213.15 224.44 212.88 201.92 213.62 212.62 191.26 196.45 195.83 196.86 192.85 195.43 203.60 203.86 211.59 209.37 208.39 211.18 211.52 222.09 230.56 
149.90 145.64 139.34 139.97 137.27 138.59 136.78 140.53 143.65 146.30 159.62 154.90 166.90 192.29 235.58 243.33 623.83 994.75 1069.77 698.64 429.20 328.30 355.08 874.32 908.19 731.37 513.15 457.45 377.87 354.77 836.56 1026.68 855.49 678.43 546.36 432.90 371.97 336.79 310.60 290.26 275.65 264.36 255.92 249.34 250.64 333.46 325.58 287.17 268.61 260.79 254.77 249.47 240.41 233.65 227.48 225.40 224.33 223.37 219.92 211.82 200.43 210.99 213.87 209.34 202.60 199.88 201.73 197.03 207.90 217.46 232.14 226.93 223.39 215.22 209.27 204.83 194.59 186.65 187.77 182.13 172.67 169.23 171.14 169.88 164.25 165.27 162.26 165.96 172.40 164.08 169.20 196.10 249.51 316.24 326.84 412.27 353.95 318.70 278.82 253.31 231.65 214.04 198.42 190.72 197.99 208.40 213.99 212.77 211.42 204.66 206.27 200.72 197.24 192.73 192.56 197.49 198.98 196.17 192.12 187.12 184.19 181.13 182.01 182.26 226.00 203.54 223.49 236.15 239.25 233.01 221.78 225.40 247.94 214.21 224.19 215.31 202.01 213.35 211.72 193.49 196.20 196.07 196.28 192.75 195.26 203.45 203.67 211.39 209.94 208.16 211.14 211.47 221.70 230.32 
151.97 146.21 139.92 140.09 137.55 138.69 136.84 140.39 143.31 145.49 159.56 154.94 164.84 191.40 234.82 241.77 610.61 992.32 1071.54 706.91 436.12 331.84 353.51 864.96 909.11 736.96 517.91 460.52 380.68 353.36 819.20 1027.85 859.78 680.18 550.69 436.14 374.18 338.23 311.57 291.01 276.25 264.84 256.35 249.66 253.19 326.83 327.53 288.58 269.18 261.14 255.12 249.63 240.63 233.79 227.69 225.53 224.01 222.84 220.50 212.34 201.23 209.57 214.11 209.14 202.57 199.43 203.36 197.32 207.09 217.36 231.95 227.21 223.11 215.22 209.40 205.03 195.18 186.25 187.29 182.21 173.31 170.43 171.13 169.83 164.45 165.18 162.52 166.06 172.76 164.23 169.08 194.64 247.44 314.12 324.98 412.10 355.62 320.28 280.67 254.35 232.14 214.37 199.16 191.09 197.45 208.02 213.74 212.53 211.33 204.51 207.78 200.90 197.69 192.94 192.17 197.15 198.92 195.85 192.07 186.78 184.01 180.90 181.30 181.77 225.04 203.27 223.17 236.02 238.88 233.09 222.11 225.48 249.43 215.38 223.96 217.49 202.40 213.03 210.73 195.99 195.89 196.25 195.68 192.68 194.91 203.24 203.54 211.22 210.57 207.97 211.02 211.39 221.32 230.05 
153.65 146.68 140.36 140.20 137.77 138.76 136.85 140.27 143.05 144.93 159.49 155.01 163.26 190.77 234.23 240.98 601.27 990.60 1072.37 712.34 441.30 334.58 354.01 858.31 909.67 740.58 521.51 462.74 382.81 352.77 806.73 1028.37 862.42 681.45 553.81 438.61 375.89 339.34 312.35 291.64 276.70 265.18 256.67 249.93 255.34 322.28 328.87 289.59 269.63 261.41 255.36 249.73 240.78 233.88 227.85 225.61 223.68 222.35 220.92 212.77 201.77 208.69 214.26 209.12 202.63 199.49 204.68 197.63 206.65 217.28 231.82 227.42 222.82 215.26 209.26 205.16 195.48 185.79 186.56 182.22 173.61 171.07 170.87 169.82 164.70 164.94 162.74 166.14 173.45 164.46 169.08 193.67 245.98 312.48 323.88 411.60 356.84 321.40 281.96 255.03 232.43 214.57 199.72 191.41 197.16 207.80 213.57 212.38 211.25 204.49 209.06 201.14 198.03 193.05 191.95 196.93 198.81 195.61 192.02 186.52 183.95 180.76 180.71 181.38 223.98 203.18 222.82 235.85 238.60 233.36 222.53 225.68 250.43 216.25 223.86 218.76 202.76 212.79 210.06 197.71 195.63 196.30 195.29 192.65 194.53 203.04 203.52 211.14 211.02 207.90 210.90 211.32 221.10 229.86 
155.78 147.30 140.91 140.37 138.03 138.81 136.86 140.09 142.70 144.29 159.38 155.12 161.35 189.97 233.45 240.34 585.12 986.43 1073.66 722.83 450.51 338.63 356.99 844.18 910.75 747.53 528.47 466.51 386.08 352.48 782.01 1029.05 867.66 684.00 559.71 442.98 378.53 340.98 313.50 292.54 277.30 265.62 257.10 250.32 258.48 316.83 330.61 290.93 270.25 261.79 255.66 249.84 240.93 233.98 228.06 225.71 223.10 221.73 221.49 213.41 202.40 207.82 214.42 209.15 202.79 199.82 206.52 198.10 206.22 217.17 231.65 227.67 222.51 215.32 209.00 205.26 195.76 185.30 185.41 182.17 173.98 171.64 170.51 169.85 165.04 164.63 163.04 166.22 174.74 164.88 169.17 192.62 244.14 310.17 322.68 410.35 358.56 322.90 283.55 255.90 232.66 214.76 200.46 191.87 196.90 207.60 213.41 212.24 211.23 204.61 210.89 201.54 198.45 193.13 191.76 196.70 198.66 195.36 191.92 186.21 183.93 180.63 179.91 180.90 222.34 203.17 222.36 235.56 238.32 233.85 223.19 226.00 251.62 217.39 223.85 219.98 203.07 212.50 209.40 199.51 195.28 196.27 194.87 192.65 193.91 202.72 203.59 211.11 211.60 207.88 210.73 211.22 220.88 229.64 
159.14 148.46 141.90 140.66 138.42 138.80 136.81 139.68 141.97 143.31 159.18 155.31 158.49 188.77 232.18 239.75 550.15 977.72 1075.78 745.00 470.94 346.07 365.52 813.10 912.94 762.09 544.34 474.71 392.44 352.54 725.29 1030.06 878.47 689.68 572.71 452.62 383.95 343.91 315.58 294.18 278.30 266.34 257.84 251.01 264.04 308.58 333.56 293.14 271.35 262.46 256.11 249.98 241.12 234.10 228.38 225.85 221.89 220.84 222.43 214.51 203.35 206.79 214.61 209.16 203.20 200.50 209.57 198.96 205.75 216.99 231.33 228.02 222.23 215.39 208.58 205.31 196.12 184.86 183.30 182.00 174.67 172.23 170.14 170.01 165.53 164.29 163.58 166.38 177.26 165.78 169.49 191.18 241.25 306.14 320.88 407.33 361.60 325.48 286.05 257.31 232.79 214.99 201.62 192.63 196.63 207.44 213.20 212.12 211.43 205.02 213.89 202.34 199.13 193.24 191.62 196.39 198.42 195.07 191.65 185.76 183.94 180.49 178.49 180.21 219.59 203.26 221.71 235.03 238.04 234.67 224.26 226.49 253.42 219.23 224.03 221.43 203.17 212.10 208.72 201.57 194.62 196.07 194.36 192.68 192.69 202.14 203.85 211.17 212.50 208.01 210.45 211.06 220.64 229.39 
162.21 149.64 142.91 140.94 138.77 138.76 136.73 139.22 141.16 142.40 158.98 155.46 155.95 187.85 231.32 239.59 533.06 973.60 1076.62 754.30 481.15 350.66 371.20 799.17 913.85 768.19 551.78 478.74 395.93 352.84 699.64 1030.31 883.23 692.21 578.93 457.39 386.87 345.70 316.93 295.33 278.99 266.84 258.39 251.55 268.09 303.38 335.32 294.68 272.16 262.96 256.40 250.03 241.20 234.16 228.62 225.94 220.84 220.30 223.12 215.32 204.17 206.10 214.74 209.14 203.66 201.17 212.04 199.81 205.42 216.81 231.01 228.29 222.14 215.41 208.22 205.27 196.43 184.69 181.34 181.80 175.39 172.65 169.97 170.23 165.93 164.08 164.10 166.56 179.81 166.77 169.88 189.98 238.96 303.19 319.77 405.25 363.39 327.05 287.71 258.30 232.70 215.09 202.55 193.33 196.50 207.39 213.05 212.07 211.74 205.55 216.30 203.15 199.77 193.34 191.57 196.14 198.21 194.84 191.33 185.36 183.97 180.39 177.09 179.65 217.73 203.40 221.31 234.67 237.96 235.22 225.11 226.87 254.59 220.73 224.31 222.45 203.00 211.77 208.32 202.97 193.94 195.79 193.97 192.71 191.47 201.68 204.14 211.31 213.21 208.20 210.21 210.92 220.53 229.25 
164.78 150.71 143.81 141.18 139.06 138.74 136.65 138.79 140.41 141.62 158.81 155.55 153.82 187.09 230.64 239.58 521.94 971.72 1076.79 758.44 487.78 354.40 376.31 792.38 914.09 770.84 556.36 481.38 398.60 353.25 685.69 1030.12 885.03 693.51 582.41 460.54 389.08 347.14 318.05 296.32 279.57 267.25 258.88 252.02 271.55 299.46 336.69 295.96 272.84 263.39 256.62 250.06 241.22 234.19 228.82 226.00 219.85 219.91 223.72 216.01 204.88 205.63 214.84 209.09 204.10 201.76 214.15 200.60 205.21 216.67 230.72 228.50 222.14 215.41 207.91 205.18 196.68 184.63 179.61 181.58 176.06 172.99 169.93 170.48 166.23 163.96 164.58 166.76 182.06 167.69 170.27 189.05 237.06 300.68 318.89 403.42 364.80 328.29 289.04 259.11 232.49 215.13 203.34 193.95 196.45 207.41 212.94 212.05 212.09 206.08 218.34 203.89 200.34 193.43 191.57 195.95 198.05 194.66 190.99 185.03 184.01 180.30 175.83 179.18 216.28 203.58 221.05 234.39 237.97 235.63 225.82 227.17 255.50 222.03 224.62 223.20 202.75 211.51 208.10 203.88 193.32 195.51 193.68 192.73 190.33 201.28 204.45 211.48 213.81 208.43 210.02 210.80 220.49 229.19 
dA, m2
0.0000 -8.9125 -17.2518 -17.3904 -20.2890 -19.2165 -21.1889 -17.2191 -13.4129 -8.8951 4.7023 0.4154 14.1262 43.3930 81.6401 88.2543 350.3509 565.4336 609.3255 434.9187 265.8505 166.6606 198.3164 498.3312 527.2111 447.1148 321.0855 269.6723 205.4879 179.6975 468.7945 584.6242 506.1751 417.7769 343.3195 259.6326 205.8440 172.4173 147.9857 128.4064 114.2873 104.0996 96.0622 88.9014 99.7343 153.2364 157.1332 123.6169 106.0094 98.2724 92.3604 87.9616 80.8421 75.8019 70.4720 68.1796 69.9630 72.4342 69.7194 60.6149 47.9650 54.5208 57.5127 53.4749 46.5951 43.7024 50.8686 41.6168 48.8984 57.2584 70.6463 66.3495 62.2004 55.9457 50.4574 48.7426 39.2009 30.3074 34.0802 34.5317 23.8948 18.5432 17.6176 15.9340 10.2384 9.7618 7.3528 9.2985 22.4667 9.5268 12.1669 36.0694 83.7036 139.7094 152.0510 220.5702 182.5215 153.2264 118.8770 94.8626 77.9792 65.1850 49.8140 40.3305 44.6665 52.6944 57.3113 56.3169 54.5093 47.2649 55.2781 45.1073 39.5557 34.0413 33.6425 37.9398 39.1698 37.1337 34.5727 31.3590 29.2845 25.9069 29.8546 34.1586 70.9140 51.9754 67.7857 77.9460 80.5135 76.4141 65.6036 67.0160 91.8837 58.8233 64.6500 56.4499 43.2567 52.8209 51.1792 36.6853 38.2219 40.0603 40.3538 37.2756 42.5902 54.4497 53.9269 59.1345 56.9389 52.8141 54.4622 54.9490 63.9094 70.5145 
0.0000 -13.1077 -23.2223 -24.3917 -27.3778 -26.7438 -28.7105 -24.5603 -20.3460 -14.7604 0.8166 -3.6968 10.6571 44.8104 85.1605 91.0666 375.7823 707.3129 774.7329 520.6758 296.6912 180.7426 214.4813 597.3547 654.0492 535.5096 361.8701 294.6025 221.9131 189.4565 541.1005 738.9043 625.7008 489.5825 389.5970 284.9582 223.6151 185.7364 158.1565 135.9801 120.0893 108.8238 99.8020 91.3646 108.0191 154.7419 167.4542 130.4152 110.1470 101.2037 94.5688 89.7908 82.5599 77.5199 71.8765 69.1638 72.1139 76.5858 74.1455 63.4704 49.4920 52.9464 57.7920 52.7095 45.5044 40.7285 53.6647 40.3731 45.7829 55.4364 69.7711 65.6771 60.8652 54.3715 49.4574 48.1115 38.5954 28.3470 33.7017 36.6261 25.8073 19.2795 16.5049 13.1558 6.8407 6.5650 3.6852 4.5499 21.8050 5.8761 7.0439 30.7070 81.5600 142.7376 157.3745 233.6521 195.4675 163.6666 126.5256 99.5031 81.9219 69.5519 53.0625 41.5439 44.1775 52.2301 57.0074 56.0150 54.1732 45.4584 58.1487 44.0302 37.3029 30.7507 29.5095 33.9080 35.6116 33.6207 31.5420 28.8315 26.8592 23.1607 28.7551 35.6488 73.4271 53.1461 69.4943 79.7401 82.3284 78.0249 66.3667 66.8319 97.2288 60.2244 63.9224 57.3451 40.2881 50.2027 47.8685 35.9879 35.1996 38.6530 38.2884 35.5210 42.7442 57.3790 56.3931 61.0429 58.8720 52.6263 54.0587 54.6314 63.7271 70.3989 
0.0000 -16.2801 -27.7331 -30.1294 -33.1351 -33.0478 -35.0709 -30.8209 -26.1908 -19.4670 -3.5240 -7.6085 6.1265 40.2785 75.7887 80.4489 321.6087 582.7984 645.9767 437.0246 271.0308 164.0838 195.5588 482.2830 536.6063 445.1562 323.2265 265.2017 200.5714 168.3817 437.3321 612.9913 513.5071 414.7349 345.3711 259.0418 203.3315 167.9066 142.2093 121.4149 106.5350 96.1761 87.7318 79.5153 98.6843 132.5822 149.7532 115.8259 96.6595 88.0839 81.8547 77.5834 71.4795 67.3562 62.3504 59.6930 63.4984 69.1077 67.2622 56.9338 43.6779 44.0780 49.4613 44.4981 37.8519 32.5038 48.3822 33.3575 36.1689 45.2846 58.2992 54.9907 50.1622 44.7027 40.7107 40.4213 32.1495 21.9293 28.3557 33.7855 23.9447 17.1076 12.6574 8.5345 2.5468 1.8726 -0.7582 -1.2991 18.7027 1.3334 0.5601 20.9226 67.1995 123.0169 137.5908 207.5848 175.5647 146.8326 113.3353 88.1570 73.2018 63.4568 48.5608 36.9673 37.6572 44.2535 48.3675 47.5362 45.7542 37.0489 52.3371 36.6486 29.4712 22.7036 20.9761 24.8345 26.5831 25.0171 23.8944 22.2431 20.7944 17.1800 23.9845 32.4795 64.6645 46.9055 60.6627 69.2901 71.4775 68.0257 57.3593 56.7853 86.9282 52.4466 53.6232 48.8469 31.4518 40.0421 37.5075 29.5174 27.0424 31.5860 30.8863 28.7493 36.8958 52.0868 50.8281 54.0907 52.0428 44.8447 45.6850 46.2824 54.1475 59.6325 
0.0000 -17.1430 -28.5291 -31.4518 -34.1461 -34.4275 -36.2222 -32.3964 -27.9179 -20.8398 -6.2545 -9.6851 3.1212 35.6503 66.3915 70.0624 275.8696 463.4049 497.2727 387.4295 249.9952 148.2407 179.0512 406.0395 442.0368 391.7220 292.9912 240.1384 180.9325 148.6774 370.2165 480.4406 432.2761 367.0782 311.6675 237.2251 185.0218 151.2317 126.9126 107.1334 93.0362 83.4896 75.5484 67.4861 88.9946 111.6814 132.6208 101.2784 83.1022 74.8621 68.9625 65.2146 60.2027 56.9976 52.6217 50.0390 54.7508 61.4144 59.9502 49.9713 37.4722 35.5723 40.9558 36.3438 30.3122 24.7865 42.4190 26.4692 27.0544 35.2148 46.7811 44.1575 39.4563 35.0939 31.9683 32.7189 25.6867 16.0069 23.1697 30.5541 21.6295 14.7110 9.3084 4.8741 -0.5654 -1.5459 -3.8294 -5.4543 15.7262 -1.9108 -4.1864 12.3559 53.1278 103.7526 118.5705 183.2969 156.8537 130.6140 100.1001 76.5745 64.1773 56.9292 43.4646 32.1369 31.2791 36.3232 39.7050 39.0386 37.2936 28.8633 45.8852 29.3622 21.8902 15.2116 13.2822 16.4705 18.1050 17.0479 16.7942 16.2210 15.2794 11.9103 19.5681 29.1084 55.8174 40.5082 51.6764 58.6968 60.5328 57.8978 48.1513 46.6400 76.2907 44.2251 43.2893 39.7263 22.9458 30.1411 27.6485 22.7063 19.4199 24.6951 23.9007 22.2700 31.0788 46.4256 44.9287 46.8957 44.8188 37.0435 37.2893 37.8938 44.5373 48.8126 
0.0000 -19.4862 -32.0871 -35.6845 -38.4552 -39.0373 -40.8361 -36.8875 -31.9899 -23.7379 -8.8040 -12.0932 1.7420 36.2440 66.2404 69.5438 277.6627 497.6168 540.6885 422.1631 265.7592 151.3502 185.8395 429.1929 476.2604 424.7220 313.1669 249.9665 184.7853 148.9602 382.8683 519.4392 468.1716 396.5960 334.8860 249.2356 190.6512 154.2387 128.2690 107.0703 92.0466 82.1488 73.7584 64.9254 90.6183 107.1119 132.8767 100.1885 80.9033 72.0572 65.7796 62.1194 57.5324 54.8170 50.5094 47.7227 53.8453 62.1484 60.6895 49.9370 36.6657 32.9186 38.6308 33.8848 27.6904 21.4564 42.2201 23.9367 22.8126 30.9062 42.4750 40.0920 35.0726 31.1657 28.4574 30.1931 23.4009 13.2692 21.9069 31.6096 22.3686 14.5560 7.9525 2.7711 -2.8549 -4.1398 -6.4618 -9.1545 15.2800 -4.4616 -8.2206 7.0693 47.4922 99.1092 115.8854 183.5639 158.6890 131.5066 100.0037 75.3505 63.9209 58.0607 44.2678 31.9792 29.8605 34.0845 37.1804 36.5822 34.6455 25.5311 45.6679 26.8218 18.2120 10.9018 8.6751 11.6239 13.2949 12.6158 13.0616 13.4175 12.7730 9.2464 18.5789 29.9763 55.0420 40.0412 50.2082 56.5414 58.2875 56.0255 45.9803 43.5113 75.8194 42.3531 39.6602 36.3984 18.5798 25.4550 22.8355 19.4509 15.5722 22.0011 21.1587 19.6936 30.1117 47.2282 45.3425 46.4295 43.9772 34.9643 34.7136 35.3834 41.7297 45.3787 
0.0000 -32.6759 -54.1786 -61.4731 -65.8901 -67.7263 -70.3840 -63.9446 -55.1961 -39.6184 -17.8478 -22.2060 0.5410 52.6158 105.0652 110.2565 559.8020 1261.0861 1408.5370 1036.1687 568.4946 274.4566 358.4193 1024.5669 1197.1619 1038.8387 700.0183 513.5974 347.2420 262.9647 864.8699 1336.6964 1177.0541 949.5951 764.0037 518.4460 365.7869 280.8174 223.4239 180.5178 150.4443 131.0482 114.0933 95.3321 153.9559 170.6921 229.3100 165.0182 126.2465 107.9601 95.0993 88.6391 81.3532 77.7882 69.9674 64.2296 79.9529 99.8724 96.8085 74.8314 49.7774 40.9482 49.3305 42.4214 33.2731 22.7820 59.6734 28.0887 22.7112 33.8816 50.3623 47.3620 39.6941 35.1164 32.3601 37.0193 27.9395 12.8751 28.6432 46.9035 33.2814 20.3343 8.6626 -0.4952 -8.9657 -11.3222 -14.9244 -21.5873 20.6003 -11.9178 -21.1682 -2.2125 55.0838 154.5068 190.4964 335.2350 286.8009 228.3971 167.2215 118.5093 100.1073 93.1591 66.7283 44.7105 39.2129 43.2727 46.9580 46.2600 43.0644 28.5731 65.9989 32.1582 17.2022 5.2925 1.5038 5.0652 7.4952 7.5802 9.9369 12.8550 12.5742 7.2614 24.5552 44.3717 82.8825 55.8663 71.5744 81.2050 84.2177 80.8359 61.2421 54.4974 121.3585 55.5964 47.8866 43.4388 16.0169 25.2737 21.4008 19.4193 13.3175 25.1219 23.9931 22.1698 40.6285 72.5390 67.8642 67.3775 61.4937 44.8071 43.3631 44.4318 52.7876 56.9719 
0.0000 -34.9880 -60.6564 -71.3372 -76.7217 -80.4206 -83.3655 -74.9568 -62.9884 -42.0125 -21.6987 -25.3205 -0.4269 47.2600 79.1274 81.6288 380.7143 876.9458 983.2050 735.4901 403.2164 191.1381 254.5410 715.8649 835.8078 735.1717 497.9193 358.4140 241.4332 180.6571 599.8113 931.6552 825.1479 675.1651 544.5643 365.6454 257.5531 196.0450 157.0283 126.7144 105.7531 92.5798 80.6824 66.9679 111.8846 114.6720 158.4550 114.5108 87.4447 74.4148 65.3958 61.6372 57.9800 56.8994 51.9871 47.8705 61.6225 77.5362 75.0119 59.5624 40.7158 29.6328 36.7900 30.7451 22.3702 11.1254 48.8415 17.9344 8.7708 18.0778 32.4167 30.1902 23.0697 20.2026 19.2872 25.8937 18.6376 4.9002 23.0870 43.1757 30.9696 17.7913 5.2676 -5.0833 -13.3307 -15.9022 -19.7893 -29.7122 16.8580 -16.9364 -30.6667 -16.7107 33.9619 102.1649 129.0373 228.2251 197.6927 159.2048 117.8005 84.4918 75.2137 73.7283 56.1921 38.2387 30.9885 32.1949 34.5060 34.0753 30.7599 16.2650 52.8756 21.4563 4.9135 -7.5002 -11.6774 -9.3129 -7.0865 -5.5183 -1.1596 4.5594 4.9995 0.0207 20.1725 40.9201 64.3089 46.7599 54.9299 59.3827 61.0928 59.3507 45.9371 38.8639 87.7433 42.3390 32.1156 28.1336 1.7059 9.4206 5.9002 7.0184 1.6661 15.2955 14.5056 13.0944 33.5507 60.4344 56.4538 54.2896 49.3001 33.7750 31.3349 32.3626 38.7019 40.2508 
0.0000 -29.2411 -51.2457 -60.7284 -65.2869 -68.7634 -71.1125 -63.8131 -53.2096 -34.5687 -18.8459 -21.5382 0.0508 37.8191 60.5440 61.7901 237.8987 420.2862 450.9123 382.1007 255.8734 140.1880 181.3113 368.0677 409.5838 380.5167 295.0947 232.4849 170.3939 131.6485 326.1055 436.2869 408.3265 361.1427 313.9885 238.4255 181.6929 144.2838 117.1765 94.3029 78.1205 68.1224 58.7333 47.4719 84.8525 82.4252 116.2191 83.8546 62.9453 52.5689 45.4016 42.9047 40.8478 40.8144 37.1956 33.8845 46.5645 60.3993 57.9861 45.4983 30.3659 20.2339 25.5146 20.8795 14.1882 4.4883 36.6257 10.7886 1.6446 8.3842 19.2532 17.6810 12.1029 10.5418 10.7431 17.0918 11.8505 1.1851 17.5535 34.9932 25.1869 14.0944 3.4396 -5.6668 -12.3477 -14.4287 -17.8300 -27.1325 12.5293 -15.6496 -28.5163 -19.2090 19.2970 71.5915 93.1795 160.3759 143.5631 117.7905 87.5690 62.1297 57.0614 57.7327 44.0233 29.4795 22.7052 22.3830 23.6855 23.4366 20.5459 8.4573 39.6441 13.4645 -0.9184 -11.2231 -14.7627 -13.3628 -11.6601 -9.6800 -5.1893 0.7885 1.3996 -2.5422 15.5564 33.2492 49.1810 35.6988 40.6644 42.9101 44.0071 42.8768 32.3213 25.7247 65.4468 29.7320 19.9969 16.7513 -4.3740 1.2533 -1.4418 0.6054 -3.0579 8.9344 8.4582 7.4083 25.5273 47.7061 44.0327 41.3362 36.7910 23.6919 21.2407 22.0668 26.4146 26.5944 
0.0000 -28.9609 -51.1180 -60.7739 -65.2945 -68.9393 -71.1444 -63.7598 -52.8668 -33.6382 -19.0706 -21.5083 0.7966 36.8076 56.4287 56.8971 216.3408 372.3930 394.8169 352.6819 239.9043 128.6253 170.1639 332.5522 366.9887 349.5547 275.9937 215.2099 156.4702 119.4113 296.7628 384.1296 369.0545 335.3651 294.2330 223.4915 169.4160 133.5837 107.6340 85.5413 70.0915 60.7804 51.7213 40.5152 78.1814 72.1676 104.7079 74.4683 54.6697 44.6514 37.7696 35.8568 34.6765 35.4116 32.1794 28.9864 42.8845 57.2898 54.4841 42.2103 27.5157 16.7614 21.3775 17.1141 10.6409 0.7008 33.2087 7.4683 -2.7720 3.0204 12.8929 11.5177 6.3158 5.4814 6.5512 13.5620 8.9857 -0.9187 16.5196 34.4078 24.8154 13.6525 2.9000 -6.5692 -13.0526 -15.0219 -18.5857 -28.5702 11.2807 -16.6299 -30.4223 -22.9719 12.0352 60.5039 81.7619 144.9656 131.0639 107.2632 79.1770 55.3244 52.6734 54.9857 41.8607 27.6390 20.3174 18.8641 19.6415 19.4786 16.4476 4.3821 35.9448 9.9168 -4.8475 -14.9619 -18.4961 -17.5678 -16.0165 -13.4873 -8.3093 -1.3821 -0.6149 -4.3430 14.8407 32.7925 45.8885 33.1588 36.5986 37.5729 38.3625 37.4589 27.3919 20.2362 59.2219 25.0989 14.4448 11.2116 -8.8400 -3.9524 -6.4089 -3.5845 -6.3501 6.0315 5.7134 4.7426 23.8168 45.8021 41.7367 38.2713 33.3318 20.1416 17.3807 18.1714 21.6893 20.8961 
h, m
12.6831 12.5804 12.4835 12.4817 12.4482 12.4606 12.4376 12.4839 12.5282 12.5798 12.7369 12.6874 12.8441 13.1736 13.5941 13.6665 16.3601 18.3638 18.7154 17.1757 15.5227 14.5031 14.8332 17.7688 18.0332 17.2911 16.0739 15.5611 14.9071 14.6388 17.4932 18.5220 17.8416 17.0125 16.2928 15.4600 14.9106 14.5630 14.3062 14.0984 13.9476 13.8381 13.7508 13.6739 13.7917 14.3607 14.4023 14.0475 13.8587 13.7753 13.7113 13.6635 13.5860 13.5311 13.4727 13.4476 13.4673 13.4940 13.4648 13.3648 13.2246 13.2966 13.3300 13.2853 13.2088 13.1765 13.2565 13.1537 13.2348 13.3268 13.4745 13.4273 13.3818 13.3129 13.2522 13.2332 13.1261 13.0272 13.0693 13.0747 12.9551 12.8947 12.8841 12.8644 12.7998 12.7950 12.7670 12.7894 12.9389 12.7917 12.8217 13.0912 13.6167 14.2184 14.3485 15.0614 14.6688 14.3616 13.9966 13.7384 13.5550 13.4150 13.2454 13.1394 13.1882 13.2771 13.3278 13.3167 13.2970 13.2167 13.3056 13.1925 13.1304 13.0689 13.0646 13.1130 13.1261 13.1035 13.0750 13.0390 13.0155 12.9780 13.0225 13.0704 13.4777 13.2692 13.4435 13.5545 13.5828 13.5376 13.4196 13.4349 13.7061 13.3447 13.4089 13.3189 13.1718 13.2780 13.2599 13.0983 13.1157 13.1365 13.1394 13.1055 13.1652 13.2963 13.2905 13.3483 13.3237 13.2785 13.2963 13.3017 13.4006 13.4729 
12.3406 12.2050 12.0990 12.0861 12.0548 12.0617 12.0411 12.0853 12.1288 12.1882 12.3513 12.3040 12.4534 12.8031 13.2062 13.2649 15.8298 17.8384 18.1958 16.7876 15.1966 14.1343 14.4551 17.2349 17.5450 16.8775 15.7155 15.1813 14.5260 14.2197 16.9217 18.0061 17.3858 16.6002 15.9266 15.1021 14.5420 14.1823 13.9187 13.7038 13.5491 13.4394 13.3502 13.2672 13.4295 13.8867 14.0078 13.6497 13.4516 13.3632 13.2984 13.2519 13.1803 13.1308 13.0736 13.0477 13.0767 13.1209 13.0957 12.9898 12.8496 12.8854 12.9342 12.8824 12.8100 12.7612 12.8915 12.7582 12.8130 12.9098 13.0538 13.0127 12.9647 12.8999 12.8504 12.8359 12.7399 12.6347 12.6896 12.7193 12.6081 12.5418 12.5136 12.4785 12.4137 12.4099 12.3802 12.3909 12.5677 12.4038 12.4153 12.6599 13.1712 13.7709 13.9111 14.6365 14.2753 13.9713 13.6124 13.3480 13.1735 13.0508 12.8847 12.7688 12.7963 12.8778 12.9250 12.9159 12.8976 12.8100 12.9357 12.7947 12.7269 12.6606 12.6477 12.6926 12.7102 12.6888 12.6675 12.6401 12.6195 12.5821 12.6393 12.7094 13.0896 12.8869 13.0500 13.1529 13.1773 13.1354 13.0195 13.0249 13.3243 12.9578 12.9951 12.9289 12.7574 12.8572 12.8344 12.7124 12.7056 12.7406 12.7368 12.7086 12.7818 12.9296 12.9189 12.9662 12.9441 12.8816 12.8961 12.9014 12.9929 13.0592 
12.0455 11.8563 11.7226 11.6942 11.6588 11.6602 11.6366 11.6856 11.7404 11.8192 12.0044 11.9573 12.1160 12.5038 12.8982 12.9495 15.4175 17.4045 17.7532 16.4740 14.9448 13.8499 14.1795 16.8078 17.1443 16.5431 15.4377 14.8876 14.2318 13.8947 16.4693 17.5750 17.0116 16.2744 15.6433 14.8292 14.2604 13.8897 13.6178 13.3946 13.2339 13.1212 13.0295 12.9392 13.1493 13.5144 13.6982 13.3345 13.1268 13.0330 12.9650 12.9179 12.8506 12.8051 12.7498 12.7207 12.7622 12.8243 12.8044 12.6898 12.5418 12.5460 12.6070 12.5507 12.4766 12.4164 12.5943 12.4260 12.4574 12.5596 12.7050 12.6684 12.6143 12.5533 12.5088 12.5052 12.4126 12.2963 12.3693 12.4302 12.3193 12.2415 12.1906 12.1432 12.0745 12.0670 12.0368 12.0300 12.2595 12.0609 12.0513 12.2853 12.8035 13.4117 13.5683 14.3045 13.9702 13.6670 13.3078 13.0337 12.8698 12.7620 12.5969 12.4668 12.4741 12.5484 12.5941 12.5850 12.5650 12.4673 12.6386 12.4630 12.3817 12.3050 12.2853 12.3292 12.3493 12.3310 12.3184 12.3003 12.2832 12.2422 12.3195 12.4161 12.7758 12.5777 12.7315 12.8267 12.8506 12.8124 12.6947 12.6881 13.0204 12.6398 12.6527 12.5995 12.4040 12.5015 12.4722 12.3826 12.3542 12.4056 12.3979 12.3739 12.4656 12.6361 12.6218 12.6581 12.6349 12.5549 12.5641 12.5709 12.6588 12.7195 
11.8377 11.6274 11.4861 11.4493 11.4155 11.4125 11.3904 11.4379 11.4940 11.5819 11.7612 11.7196 11.8753 12.2652 12.6243 12.6670 14.9375 16.8501 17.1821 16.0922 14.6642 13.5537 13.8953 16.2786 16.6390 16.1356 15.1186 14.5580 13.9159 13.5580 15.9161 17.0175 16.5423 15.8852 15.3142 14.5273 13.9606 13.5870 13.3149 13.0912 12.9309 12.8214 12.7300 12.6370 12.8852 13.1427 13.3787 13.0249 12.8168 12.7218 12.6543 12.6108 12.5529 12.5151 12.4648 12.4343 12.4892 12.5667 12.5501 12.4333 12.2867 12.2641 12.3279 12.2733 12.2017 12.1359 12.3449 12.1557 12.1633 12.2603 12.3957 12.3652 12.3101 12.2585 12.2212 12.2304 12.1468 12.0302 12.1168 12.2042 12.0988 12.0155 11.9504 11.8963 11.8306 11.8189 11.7909 11.7709 12.0277 11.8140 11.7864 11.9868 12.4701 13.0523 13.2210 13.9418 13.6497 13.3561 13.0114 12.7424 12.5989 12.5146 12.3574 12.2238 12.2131 12.2730 12.3129 12.3048 12.2847 12.1846 12.3858 12.1910 12.1018 12.0211 11.9985 12.0360 12.0564 12.0439 12.0406 12.0333 12.0223 11.9814 12.0736 12.1884 12.5016 12.3223 12.4534 12.5357 12.5565 12.5263 12.4125 12.3944 12.7389 12.3660 12.3553 12.3129 12.1143 12.1999 12.1696 12.1115 12.0719 12.1356 12.1252 12.1061 12.2108 12.3927 12.3746 12.3977 12.3736 12.2822 12.2847 12.2916 12.3701 12.4196 
11.6967 11.4734 11.3271 11.2856 11.2528 11.2464 11.2250 11.2715 11.3283 11.4247 11.5965 11.5588 11.7165 12.1021 12.4309 12.4663 14.5672 16.4040 16.7183 15.7951 14.4525 13.3339 13.6889 15.8591 16.2356 15.8172 14.8777 14.3088 13.6783 13.3087 15.4796 16.5655 16.1700 15.5856 15.0647 14.3016 13.7381 13.3640 13.0927 12.8687 12.7083 12.6023 12.5124 12.4164 12.6930 12.8698 13.1403 12.7955 12.5890 12.4938 12.4256 12.3863 12.3368 12.3067 12.2594 12.2290 12.2964 12.3863 12.3707 12.2530 12.1074 12.0667 12.1291 12.0766 12.0080 11.9386 12.1684 11.9668 11.9535 12.0438 12.1722 12.1451 12.0895 12.0468 12.0171 12.0354 11.9600 11.8468 11.9432 12.0510 11.9485 11.8609 11.7866 11.7276 11.6643 11.6498 11.6235 11.5923 11.8689 11.6453 11.6034 11.7767 12.2274 12.7848 12.9620 13.6657 13.4101 13.1262 12.7936 12.5292 12.4057 12.3417 12.1912 12.0552 12.0324 12.0788 12.1131 12.1063 12.0849 11.9840 12.2065 11.9985 11.9017 11.8198 11.7954 11.8281 11.8468 11.8400 11.8441 11.8476 11.8411 11.8015 11.9059 12.0331 12.3090 12.1444 12.2564 12.3250 12.3452 12.3196 12.2099 12.1832 12.5341 12.1699 12.1406 12.1044 11.9070 11.9836 11.9543 11.9158 11.8731 11.9447 11.9352 11.9192 12.0343 12.2232 12.2030 12.2152 12.1878 12.0891 12.0865 12.0937 12.1634 12.2038 
11.5165 11.2589 11.0863 11.0277 10.9918 10.9770 10.9549 11.0071 11.0783 11.2037 11.3767 11.3428 11.5211 11.9207 12.2255 12.2549 14.2547 16.1083 16.4177 15.5871 14.2742 13.1209 13.4977 15.5646 15.9647 15.5943 14.6883 14.0913 13.4523 13.0683 15.1577 16.2714 15.9182 15.3726 14.8742 14.1058 13.5301 13.1514 12.8744 12.6446 12.4804 12.3722 12.2781 12.1733 12.4972 12.5947 12.9049 12.5612 12.3467 12.2450 12.1733 12.1360 12.0941 12.0735 12.0282 11.9958 12.0834 12.1950 12.1783 12.0533 11.9005 11.8339 11.8975 11.8453 11.7759 11.6952 11.9672 11.7359 11.6948 11.7817 11.9062 11.8838 11.8259 11.7904 11.7695 11.8038 11.7348 11.6182 11.7390 11.8773 11.7744 11.6746 11.5847 11.5138 11.4468 11.4289 11.4003 11.3488 11.6769 11.4239 11.3519 11.5016 11.9417 12.5067 12.7014 13.4028 13.1803 12.9003 12.5722 12.3017 12.1973 12.1566 12.0065 11.8621 11.8201 11.8518 11.8796 11.8750 11.8502 11.7398 12.0038 11.7668 11.6521 11.5607 11.5310 11.5588 11.5778 11.5786 11.5961 11.6186 11.6155 11.5744 11.7074 11.8582 12.0998 11.9432 12.0366 12.0929 12.1097 12.0907 11.9783 11.9371 12.3185 11.9428 11.8876 11.8537 11.6437 11.7154 11.6853 11.6700 11.6220 11.7131 11.7039 11.6902 11.8312 12.0392 12.0133 12.0114 11.9783 11.8632 11.8525 11.8605 11.9242 11.9531 
11.3005 10.9804 10.7412 10.6403 10.5888 10.5540 10.5260 10.6058 10.7186 10.9146 11.1023 11.0691 11.2965 11.7241 12.0036 12.0253 13.9961 15.8792 16.1852 15.4125 14.1077 12.9071 13.3204 15.3388 15.7499 15.4104 14.5198 13.8922 13.2393 12.8299 14.9163 16.0401 15.7161 15.1982 14.7096 13.9288 13.3374 12.9427 12.6532 12.4075 12.2319 12.1188 12.0164 11.8966 12.2840 12.3063 12.6632 12.3054 12.0750 11.9619 11.8835 11.8500 11.8183 11.8089 11.7659 11.7293 11.8506 11.9896 11.9677 11.8323 11.6659 11.5672 11.6303 11.5769 11.5013 11.4004 11.7378 11.4623 11.3794 11.4635 11.5912 11.5717 11.5080 11.4818 11.4739 11.5336 11.4678 11.3450 11.5083 11.6876 11.5794 11.4614 11.3483 11.2538 11.1798 11.1557 11.1197 11.0286 11.4529 11.1459 11.0194 11.1475 11.6053 12.2002 12.4264 13.1564 12.9531 12.6693 12.3328 12.0497 11.9692 11.9564 11.8028 11.6437 11.5787 11.5894 11.6101 11.6068 11.5772 11.4468 11.7732 11.4937 11.3444 11.2322 11.1935 11.2154 11.2352 11.2502 11.2898 11.3416 11.3456 11.3005 11.4824 11.6684 11.8741 11.7196 11.7918 11.8305 11.8454 11.8302 11.7116 11.6492 12.0780 11.6802 11.5882 11.5531 11.3154 11.3849 11.3538 11.3639 11.3151 11.4385 11.4315 11.4184 11.6019 11.8400 11.8049 11.7857 11.7421 11.6037 11.5821 11.5912 11.6476 11.6613 
11.1947 10.8628 10.6084 10.4981 10.4444 10.4039 10.3765 10.4627 10.5860 10.8016 10.9817 10.9504 11.1953 11.6170 11.8670 11.8800 13.7304 15.4686 15.7235 15.1311 13.9127 12.7212 13.1518 15.0017 15.3755 15.1164 14.3043 13.6764 13.0374 12.6306 14.6074 15.6041 15.3650 14.9396 14.4910 13.7368 13.1552 12.7645 12.4774 12.2319 12.0573 11.9484 11.8462 11.7221 12.1305 12.1033 12.4669 12.1188 11.8925 11.7777 11.6988 11.6719 11.6492 11.6492 11.6090 11.5724 11.7126 11.8650 11.8384 11.7013 11.5339 11.4209 11.4796 11.4281 11.3535 11.2443 11.6032 11.3153 11.2122 11.2879 11.4089 11.3920 11.3294 11.3120 11.3145 11.3857 11.3272 11.2078 11.3918 11.5860 11.4766 11.3532 11.2335 11.1305 11.0551 11.0310 10.9922 10.8863 11.3352 11.0177 10.8703 10.9764 11.4095 11.9856 12.2197 12.9329 12.7570 12.4838 12.1593 11.8828 11.8282 11.8354 11.6849 11.5239 11.4488 11.4450 11.4591 11.4569 11.4242 11.2892 11.6362 11.3452 11.1834 11.0670 11.0266 11.0426 11.0620 11.0842 11.1352 11.2031 11.2103 11.1657 11.3693 11.5661 11.7417 11.5927 11.6472 11.6722 11.6846 11.6722 11.5550 11.4818 11.9193 11.5267 11.4178 11.3815 11.1440 11.2075 11.1776 11.2006 11.1596 11.2945 11.2892 11.2776 11.4802 11.7254 11.6852 11.6553 11.6046 11.4591 11.4322 11.4414 11.4896 11.4912 
11.1115 10.7765 10.5159 10.4013 10.3480 10.3041 10.2779 10.3659 10.4949 10.7219 10.8908 10.8628 11.1203 11.5303 11.7506 11.7561 13.4712 14.9943 15.1809 14.8206 13.7133 12.5437 12.9875 14.6338 14.9480 14.7919 14.0805 13.4587 12.8415 12.4438 14.2869 15.0931 14.9669 14.6606 14.2616 13.5441 12.9796 12.5971 12.3161 12.0740 11.9030 11.7994 11.6988 11.5733 11.9930 11.9262 12.2844 11.9518 11.7321 11.6196 11.5422 11.5202 11.5065 11.5150 11.4785 11.4425 11.5989 11.7607 11.7299 11.5912 11.4257 11.3041 11.3559 11.3078 11.2343 11.1200 11.4900 11.1977 11.0804 11.1471 11.2599 11.2441 11.1846 11.1752 11.1874 11.2675 11.2148 11.1014 11.3008 11.5035 11.3949 11.2682 11.1450 11.0362 10.9609 10.9384 10.8972 10.7811 11.2410 10.9195 10.7594 10.8466 11.2499 11.7970 12.0320 12.7190 12.5700 12.3118 12.0039 11.7385 11.7089 11.7348 11.5876 11.4270 11.3437 11.3279 11.3364 11.3340 11.3002 11.1624 11.5208 11.2258 11.0566 10.9396 10.8981 10.9094 10.9271 10.9560 11.0161 11.0962 11.1048 11.0618 11.2816 11.4852 11.6330 11.4894 11.5285 11.5394 11.5486 11.5379 11.4242 11.3434 11.7823 11.3986 11.2776 11.2407 11.0103 11.0667 11.0383 11.0706 11.0389 11.1810 11.1779 11.1663 11.3834 11.6318 11.5861 11.5477 11.4916 11.3419 11.3111 11.3197 11.3593 11.3511 
W, m
87.0896 86.5365 86.0171 86.0079 85.8268 85.8939 85.7705 86.0180 86.2554 86.5367 87.3765 87.1126 87.9524 89.7206 91.7794 92.1075 102.3249 118.4969 131.5406 105.3997 99.1765 95.3531 96.5863 108.2065 110.3182 105.8355 101.2477 99.3200 96.8645 95.8605 106.6061 123.8815 108.8244 104.7824 102.0696 98.9402 96.8783 95.5776 94.6196 93.8467 93.2839 92.8462 92.4718 92.1371 92.6334 94.8238 94.9789 93.6561 92.9344 92.5778 92.3011 92.0937 91.7437 91.4954 91.2322 91.1174 91.2055 91.3231 91.1870 90.7192 89.9929 90.3798 90.5505 90.3182 89.9094 89.7362 90.1659 89.6132 90.0451 90.5374 91.2462 91.0265 90.8083 90.4637 90.1390 90.0374 89.4687 88.9340 89.1619 89.1906 88.5489 88.2236 88.1664 88.0628 87.7148 87.6865 87.5389 87.6573 88.4608 87.6720 87.8317 89.2779 91.8947 94.2913 94.7783 97.4455 95.9713 94.8256 93.4684 92.4130 91.5974 90.9575 90.1039 89.5375 89.7953 90.2723 90.5401 90.4844 90.3798 89.9490 90.4248 89.8212 89.4893 89.1579 89.1334 89.3912 89.4649 89.3430 89.1895 88.9969 88.8725 88.6676 88.9068 89.1676 91.2510 90.2303 91.0959 91.6010 91.7278 91.5273 90.9862 91.0610 92.2708 90.6235 90.9380 90.4905 89.7100 90.2784 90.1805 89.3182 89.4088 89.5192 89.5368 89.3530 89.6720 90.3782 90.3472 90.6403 90.5181 90.2789 90.3770 90.4057 90.8989 91.2378 
95.7232 94.8240 94.1291 94.0438 93.8388 93.8807 93.7451 94.0308 94.3211 94.7059 95.7621 95.4595 96.4220 98.6782 101.0663 101.3094 129.1308 185.6666 189.2465 166.4391 123.6452 104.4565 105.6277 178.9877 181.9641 175.1221 127.9147 123.4554 105.8852 104.7628 176.0639 188.0646 180.4957 161.3184 135.2238 122.8062 105.9439 104.6317 103.6655 102.8830 102.3252 101.9320 101.6165 101.3209 101.9007 103.5505 103.9924 102.6864 101.9785 101.6660 101.4344 101.2652 100.9345 100.6945 100.4065 100.2441 100.4217 100.6602 100.5406 99.8837 98.9808 99.2002 99.5142 99.1865 98.7186 98.4062 99.2535 98.3856 98.7331 99.3595 100.2800 100.0178 99.7085 99.2909 98.9731 98.8886 98.2698 97.5924 97.9505 98.1502 97.4385 97.0041 96.8144 96.5881 96.1674 96.1476 95.9556 96.0090 97.1695 96.1027 96.1743 97.7379 100.8728 103.1260 103.6411 106.2944 104.9708 103.8598 102.5477 101.6043 100.9132 100.2746 99.2154 98.4656 98.6348 99.1545 99.4623 99.3991 99.2802 98.7148 99.5416 98.6234 98.1814 97.7471 97.6625 97.9528 98.0656 97.9353 97.8004 97.6229 97.4949 97.2502 97.6236 98.0854 100.4941 99.2170 100.2662 100.8004 100.9239 100.7189 100.0651 100.0933 101.5243 99.6719 99.9058 99.4860 98.3757 99.0196 98.8672 98.0991 98.0412 98.2729 98.2477 98.0664 98.5418 99.4921 99.4288 99.7268 99.5873 99.1804 99.2734 99.3099 99.8952 100.3203 
86.6959 85.7428 85.0711 84.9297 84.7518 84.7571 84.6369 84.8889 85.1623 85.5564 86.4863 86.2478 87.0549 89.0351 90.8778 91.0839 106.9222 175.5430 183.9398 113.6067 104.4622 94.6957 95.9942 157.7291 168.9316 117.4256 106.9574 104.1940 96.1982 94.8744 116.9642 179.2625 164.3683 111.1796 107.9935 103.8883 96.3109 94.8549 93.7720 92.8744 92.2292 91.7767 91.4046 91.0414 91.8881 93.3570 94.0927 92.6313 91.7973 91.4194 91.1448 90.9558 90.6853 90.5007 90.2571 90.1153 90.3190 90.5812 90.4986 89.9732 89.2300 89.2520 89.5608 89.2762 88.8935 88.5845 89.5008 88.6344 88.7953 89.3195 90.0370 89.8616 89.5983 89.2867 89.0576 89.0417 88.5650 87.9742 88.3470 88.6619 88.0947 87.6971 87.4370 87.1955 86.8441 86.8040 86.6495 86.6162 87.7892 86.7726 86.7254 87.9135 90.4907 92.9434 93.5731 96.4835 95.1726 93.9698 92.5237 91.4234 90.7631 90.3200 89.5118 88.8445 88.8837 89.2623 89.4982 89.4506 89.3479 88.8466 89.7261 88.8243 88.4094 88.0178 87.9177 88.1407 88.2419 88.1510 88.0867 87.9918 87.9088 87.6987 88.0947 88.5859 90.3770 89.4159 90.1687 90.5880 90.6853 90.5308 89.9917 89.9591 91.3699 89.7294 89.7906 89.5252 88.5233 89.0182 88.8722 88.4129 88.2691 88.5324 88.4919 88.3683 88.8391 89.7130 89.6407 89.8215 89.7085 89.2966 89.3439 89.3786 89.8196 90.1099 
82.1609 80.9755 80.1789 79.9724 79.7827 79.7624 79.6356 79.9054 80.2211 80.7179 81.7298 81.4939 82.3709 84.5447 86.4136 86.5637 94.6231 101.4194 102.5962 98.7196 93.6409 89.6930 90.9079 99.3889 100.6678 98.8743 95.2624 93.2670 90.9815 89.7108 98.1019 102.0133 100.3221 97.9858 95.9576 93.1560 91.1418 89.8124 88.8411 88.0544 87.4908 87.1068 86.7857 86.4591 87.3275 88.2373 89.0684 87.8213 87.0910 86.7585 86.5190 86.3669 86.1367 85.9386 85.6544 85.4857 85.7936 86.2061 86.1273 85.4837 84.6643 84.5378 84.8916 84.5884 84.1903 83.8228 84.9899 83.9358 83.9734 84.5129 85.2721 85.1012 84.7918 84.5050 84.2988 84.3493 83.8838 83.2378 83.7169 84.2086 83.6160 83.1530 82.7888 82.4895 82.1205 82.0532 81.8965 81.7842 83.2208 82.0285 81.8713 82.9909 85.6851 87.9206 88.5101 91.0753 90.0364 88.9884 87.7735 86.8274 86.3239 85.9363 85.0590 84.3125 84.2548 84.5876 84.8096 84.7661 84.6513 84.0933 85.2162 84.1273 83.6300 83.1837 83.0537 83.2673 83.3765 83.3062 83.2899 83.2518 83.1891 82.9633 83.4771 84.1131 85.8634 84.8637 85.5934 86.0458 86.1563 85.9965 85.3628 85.2640 86.8157 85.1068 85.0438 84.8109 83.6999 84.1776 84.0118 83.6851 83.4649 83.8175 83.7649 83.6559 84.2421 85.2521 85.1543 85.2823 85.1461 84.6348 84.6508 84.6907 85.1263 85.4057 
88.0316 86.6828 85.7993 85.5471 85.3505 85.3101 85.1825 85.4621 85.8081 86.3860 87.4285 87.1987 88.1550 90.4871 92.3346 92.4893 109.8149 131.8496 142.5824 122.8938 109.2540 96.2452 97.7825 123.2204 125.8759 123.0219 115.7265 108.3819 97.7368 96.1373 119.9655 138.3000 125.3086 121.1786 117.0196 108.3545 97.9951 96.3747 95.2005 94.2312 93.5374 93.0783 92.6866 92.2732 93.4711 94.2343 95.4100 93.9138 93.0200 92.6078 92.3133 92.1410 91.9014 91.7387 91.4377 91.2404 91.6678 92.1414 92.0618 91.3863 90.5165 90.2753 90.6460 90.3381 89.9301 89.5091 90.8757 89.6748 89.6032 90.1465 90.8971 90.7428 90.4182 90.1629 89.9834 90.0977 89.6386 88.9502 89.5339 90.1842 89.5605 89.0313 88.5821 88.2274 87.8399 87.7519 87.5908 87.4071 89.0812 87.7294 87.4726 88.5314 91.2388 93.8647 94.6366 97.6831 96.5751 95.3479 93.9055 92.7613 92.2245 91.9136 91.0060 90.2109 90.0734 90.3507 90.5523 90.5130 90.3881 89.7849 91.0979 89.8710 89.2900 88.7924 88.6400 88.8427 88.9570 88.9098 88.9384 88.9605 88.9155 88.6747 89.3072 90.0749 91.7452 90.7352 91.4126 91.8416 91.9414 91.8111 91.1203 90.9622 92.7823 90.8860 90.7142 90.5027 89.3159 89.7834 89.6066 89.3727 89.1102 89.5445 89.4870 89.3876 90.0882 91.1969 91.0765 91.1478 90.9897 90.4079 90.3919 90.4361 90.8464 91.0834 
127.5535 124.6228 122.6134 121.9185 121.4963 121.3184 121.0635 121.6811 122.5163 123.9846 125.9662 125.5749 127.6034 137.6191 177.0023 177.3806 298.3066 451.4953 500.9015 412.6889 301.6628 211.9000 234.9459 410.8430 442.7471 413.4140 333.4413 288.3008 232.0507 209.3953 373.9081 478.1459 438.6240 386.4273 354.3376 289.4750 236.9203 213.1501 190.9538 182.6918 180.3738 178.8639 177.6268 176.2079 180.6805 181.8879 200.3999 181.4913 178.4726 177.1719 176.1782 175.6825 175.1255 174.7605 173.8381 173.0833 175.0482 176.6213 176.3828 174.4668 131.9487 131.1471 131.9117 131.2816 130.4670 129.5518 171.8680 130.0094 129.5465 130.5188 132.0100 131.7365 131.0358 130.6278 130.3862 130.7969 129.9968 128.6896 130.0608 131.6820 130.4685 129.3373 128.3189 127.5123 126.7591 126.5499 126.2272 125.6290 129.3609 126.4966 125.6664 127.3588 145.6955 180.6325 183.5258 222.4335 214.0538 200.1267 181.6753 177.9403 176.6183 176.1115 173.5124 131.4850 130.9897 131.3581 131.6961 131.6325 131.3402 130.0524 173.3725 130.3687 129.0679 128.0229 127.6880 128.0027 128.2168 128.2248 128.4321 128.6885 128.6637 128.1966 129.7015 131.4511 175.2874 154.2578 174.0507 175.1255 175.3594 175.1004 172.0101 146.9147 178.1468 154.2322 131.7833 131.3760 128.9647 129.7675 129.4333 129.2596 128.7285 129.7530 129.6558 129.4985 131.1135 174.2199 173.6442 173.5623 172.7599 131.4983 131.3677 131.4652 132.2276 154.3534 
110.3108 108.1857 106.5886 105.8976 105.5486 105.3066 105.1152 105.6629 106.4380 107.7553 108.9962 108.7764 110.2852 112.9083 115.0038 115.1684 209.5460 324.6324 357.9769 284.3991 217.0152 138.4584 165.8505 281.6294 305.3712 284.3110 240.1349 202.7371 164.0492 136.2764 266.6869 347.8225 298.6391 276.7340 250.6943 204.9515 166.3394 140.8581 128.8060 119.8897 117.9308 116.6735 115.1141 114.2217 118.4596 118.8339 129.5571 118.7742 116.2062 114.7109 114.1208 113.8733 113.6307 113.5569 113.2366 112.9650 113.8611 114.8977 114.7343 113.7242 112.4733 111.9149 112.2783 111.9719 111.5416 110.9548 113.0220 111.3087 110.8186 111.3197 112.0603 111.9472 111.5821 111.4306 111.3815 111.7254 111.3450 110.5949 111.5757 112.6309 111.9774 111.2965 110.6211 110.0020 109.5037 109.3473 109.1117 108.5036 111.2486 109.2842 108.4427 109.2882 112.1399 117.6778 120.3116 161.3861 141.6680 129.6485 119.0570 115.4598 114.7505 114.6481 113.4996 112.3475 111.9820 112.0448 112.1624 112.1408 111.9729 111.2224 113.2890 111.4940 110.5906 109.8481 109.5945 109.7371 109.8710 109.9670 110.2312 110.5735 110.6009 110.3053 111.4221 112.4810 114.0363 112.8805 113.4246 113.7194 113.8327 113.7172 112.8354 112.3846 116.1843 112.5934 112.0439 111.8415 110.3980 110.8555 110.6464 110.7156 110.3986 111.1697 111.1283 111.0542 112.1106 113.7767 113.5179 113.3792 113.0543 112.1243 112.0018 112.0539 112.3755 112.4563 
88.7719 87.2950 86.1182 85.6081 85.3615 85.1683 85.0373 85.4415 86.0132 87.0085 87.8503 87.7065 88.7736 90.4283 91.3976 91.4511 98.6446 115.3710 124.9156 109.9455 99.3507 94.7216 96.3985 108.2555 112.9159 109.7848 100.8658 98.4335 95.9566 94.3702 103.6752 119.5786 112.6829 107.5470 102.0421 98.6682 96.4132 94.8906 93.7709 92.8188 92.1413 91.7185 91.3203 90.8393 92.4242 92.3209 93.7313 92.3813 91.4993 91.0573 90.7514 90.6439 90.5569 90.5555 90.4004 90.2579 90.8024 91.3921 91.2895 90.7567 90.1069 89.6691 89.8974 89.6965 89.4084 88.9875 90.3760 89.2612 88.8561 89.1562 89.6262 89.5586 89.3172 89.2499 89.2587 89.5333 89.3070 88.8315 89.5541 90.3070 89.8841 89.4053 88.9370 88.5020 88.1795 88.0778 87.9040 87.4078 89.3372 88.0177 87.3332 87.8295 89.6270 91.8645 92.7711 95.5490 94.8599 93.7969 92.5367 91.4641 91.2502 91.2787 90.6938 90.0695 89.7769 89.7625 89.8185 89.8071 89.6824 89.1598 90.5054 89.3765 88.7328 88.2377 88.0645 88.1349 88.2172 88.3130 88.5286 88.8123 88.8412 88.6530 89.4677 90.2319 90.9144 90.3366 90.5489 90.6453 90.6924 90.6442 90.1909 89.9057 91.6060 90.0792 89.6583 89.5178 88.5688 88.8387 88.7093 88.8068 88.6300 89.1809 89.1601 89.1149 89.8991 90.8515 90.6941 90.5785 90.3835 89.8187 89.7126 89.7484 89.9357 89.9432 
87.0189 85.6640 84.5143 84.0148 83.7804 83.5905 83.4756 83.8599 84.4244 85.4196 86.1462 86.0319 87.0548 88.6831 89.5579 89.5792 96.6006 116.3979 124.3328 109.0949 97.6284 92.7055 94.5569 106.1411 113.0153 108.6319 99.7159 96.5478 93.9461 92.3096 101.1265 119.6998 115.3433 106.2109 100.9973 96.9072 94.5240 92.9183 91.8003 90.8395 90.1623 89.7520 89.3509 88.8519 90.5174 90.2546 91.6747 90.3552 89.4820 89.0367 88.7297 88.6438 88.5901 88.6233 88.4773 88.3347 88.9559 89.5957 89.4719 88.9260 88.2676 87.7824 87.9909 87.7982 87.5047 87.0527 88.5231 87.3606 86.8942 87.1588 87.6087 87.5453 87.3094 87.2709 87.3194 87.6376 87.4294 86.9783 87.7705 88.5755 88.1448 87.6404 87.1515 86.7186 86.4224 86.3322 86.1688 85.6842 87.5331 86.2581 85.5872 85.9640 87.5703 89.7413 90.6762 93.4291 92.8116 91.7847 90.5616 89.5106 89.3917 89.4935 88.9099 88.2722 87.9424 87.8772 87.9125 87.9055 87.7684 87.2213 88.6462 87.4724 86.7997 86.3361 86.1731 86.2166 86.2883 86.4041 86.6409 86.9567 86.9921 86.8214 87.6943 88.5036 89.0897 88.5209 88.6755 88.7194 88.7550 88.7145 88.2625 87.9400 89.6825 88.1591 87.6779 87.5315 86.6171 86.8403 86.7284 86.8573 86.7302 87.2956 87.2804 87.2365 88.1003 89.0854 88.9041 88.7504 88.5289 87.9351 87.8104 87.8464 88.0058 87.9702 
