Number of reaches 
3 
Reach midpoint distance downstream, m 
3750.0 11585.5 19018.5 
Reach lengths, m 
7500.0 8171.0 6695.0 
Number of overpasses 
7 
Time, days 
13 14 15 16 17 18 19 
Height, meters 
8.004498 8.006464 8.401276 9.836949 11.088503 10.687105 10.020066 
7.976208 7.982010 8.255511 9.442810 10.631071 10.332284 9.612501 
7.951196 7.959714 8.142482 9.118088 10.213641 9.990212 9.246427 
height at baseflow, m 
7.995693 7.962823 7.944374 
Slope, cm/km 
0.389241 0.334435 2.053113 5.494219 6.254806 4.796899 5.590490 
0.345468 0.303559 1.664378 4.639799 5.681002 4.540085 5.018986 
0.309546 0.278221 1.345369 3.938633 5.210120 4.329335 4.549990 
dA, m2 
0.407504 0.498515 18.929237 89.925078 159.434745 136.226465 99.490965 
0.741533 1.062980 16.485012 85.597067 159.989046 140.680740 95.881966 
0.366164 0.823336 10.632858 64.478144 128.461453 115.067647 71.699398 
width, m 
46.449018 46.452717 47.240986 52.543208 59.308876 56.847265 53.412738 
56.328124 56.356497 57.219071 60.525149 65.976822 64.396690 61.184673 
53.797913 53.835187 54.634967 57.366657 62.151107 61.009425 57.677014 
