Number of reaches
6
Reach midpoint distance downstream, m
7459.702115	20162.193965	32112.856430	47767.975910	63633.886458	74917.461545	
Reach lengths, m
14457.428150	8779.782030	13744.335440	16582.321820	12366.991215	8511.371868	
Number of overpasses
20
Time, Days
1.000000	2.000000	3.000000	4.000000	5.000000	6.000000	7.000000	8.000000	9.000000	10.000000	11.000000	12.000000	13.000000	14.000000	15.000000	16.000000	17.000000	18.000000	19.000000	20.000000	
Height, meters
196.182093	196.019535	195.857209	195.685349	195.752093	195.973488	195.775581	195.693256	196.663953	197.073023	197.049070	197.002791	196.994884	196.951395	196.846977	196.615116	196.573256	196.449767	196.330233	196.300233	
192.757778	192.606667	192.462222	192.298519	192.336296	192.546667	192.400000	192.294074	193.081852	193.572222	193.547407	193.494815	193.495556	193.454815	193.371111	193.153704	193.109259	193.002222	192.883704	192.871481	
189.392059	189.127059	188.967353	188.850882	188.824412	189.031176	189.039118	189.084412	189.908824	190.501765	190.295000	190.210000	190.210000	190.155294	190.044118	189.795882	189.721176	189.595882	189.437647	189.545588	
186.592500	186.287708	186.173125	186.183958	186.114167	186.196250	186.389375	186.622083	187.255000	187.647708	187.275625	187.196250	187.183750	187.132500	187.013958	186.840000	186.762708	186.655208	186.521250	186.736667	
182.180571	181.864000	181.759714	181.762000	181.689143	181.751143	181.971429	182.226286	182.880857	183.346286	182.896000	182.782571	182.773429	182.717429	182.593714	182.423143	182.339429	182.234857	182.147714	182.331429	
178.871333	178.916667	179.084000	178.603333	178.398000	178.251667	178.236333	178.475667	179.022000	179.775000	180.835667	179.897667	179.412667	179.084667	178.825667	178.563000	178.447000	178.460667	178.277000	178.443667	
Height at baseflow, m
195.685349	192.294074	188.824412	186.114167	181.689143	178.236333	
Slope, cm/km
6.916860	6.225174	5.395150	4.634296	5.118476	6.086836	4.910970	4.703464	9.545266	10.651964	10.721132	10.582795	10.444458	10.306121	9.821941	8.853580	8.715243	8.161894	7.677714	7.401040	
9.567436	8.428455	7.403373	6.378290	6.606087	8.200659	6.947781	6.378290	12.187091	15.034542	14.806746	14.465052	14.465052	14.237256	13.667765	12.187091	11.845397	11.162008	10.364722	10.250824	
8.221569	7.421239	6.620909	5.602308	5.820580	7.057453	6.257123	5.602308	9.385685	12.077703	12.223217	12.004946	12.004946	11.786674	11.495645	10.331529	10.186014	9.603957	8.949141	8.803627	
7.538148	5.849603	5.125941	5.186246	4.824415	5.427467	6.332045	7.598453	11.216765	12.905310	11.337375	10.915239	10.854933	10.553408	9.890050	8.925168	8.503031	7.960285	7.116012	8.261810	
7.358297	5.660229	5.094206	5.094206	4.770764	5.175066	6.307112	7.600879	10.916156	13.261108	10.916156	10.592714	10.592714	10.269272	9.622389	8.732924	8.328622	7.681739	7.034856	8.166902	
11.044048	6.461943	4.934575	7.049392	7.401862	9.281700	13.276356	15.273683	22.323076	21.383157	7.166882	11.396518	15.273683	17.858461	18.680890	18.680890	18.563400	15.978623	16.683562	18.445910	
Width, m
141.704186	140.391628	139.221395	138.090233	138.480698	140.025349	138.608372	138.135814	144.328605	146.188372	146.087442	145.903256	145.871395	145.689535	145.217442	144.035349	143.747442	143.193953	142.521860	142.354651	
160.264815	159.501481	157.965556	156.787407	156.987407	158.908148	157.333333	156.760741	161.811852	165.462963	165.164815	164.640741	164.654444	164.305556	163.529630	162.238889	161.985926	161.450741	160.860741	160.805185	
150.889118	149.305294	148.494118	147.814118	147.624412	148.816176	148.882353	149.140000	155.498529	159.652353	158.154412	157.572647	157.560882	157.163529	156.551471	153.881176	153.165588	152.272353	151.186765	151.844412	
166.349792	159.223125	158.059375	158.259583	157.240417	158.462292	160.848125	166.871458	182.035833	202.739167	183.440208	179.240208	178.733542	177.259375	174.559167	171.007292	169.589375	167.357500	164.890208	168.984167	
150.732286	148.311143	147.483714	147.502286	146.872857	147.420571	149.277714	151.018286	158.193714	164.458286	158.336571	156.857429	156.744286	155.979429	154.609429	153.187429	152.362000	151.071143	150.532571	152.300286	
153.527667	153.566000	154.409333	151.971667	150.853000	150.061667	150.118667	151.543000	154.738333	158.639667	165.931333	159.261667	156.498333	154.944333	153.560667	152.097333	151.452333	151.476333	150.457667	151.432333	
Standard deviation on slope cm/km
0.100000
Standard deviation on height cm
5.000000
Standard deviation on width m
5.000000
