A0 [m2] 
596.436744	874.517143	653.422593	696.848000	597.285882	608.247500	
qtrue, [m2/s] 
0 
ntrue [-] 
NaN 
Qtrue [m3/s] 
472.154884	415.438837	358.825349	302.251163	328.009767	401.497442	328.826977	303.962326	669.886977	828.230000	821.600000	803.710000	799.198140	780.036047	733.874651	639.196279	623.269070	574.081395	529.129070	513.330000	
480.218519	421.272222	367.621111	310.761111	325.437407	400.172593	344.967037	310.718519	625.472222	841.461481	828.550741	803.635926	803.307037	783.790000	743.564444	645.590370	625.998519	580.030741	531.194074	525.951481	
499.537647	428.344118	377.613529	329.491471	331.062647	400.149412	376.312941	359.355294	635.317353	884.091471	841.387647	810.164412	811.635588	790.995882	751.698235	655.143824	630.850588	586.422353	532.567941	548.707353	
566.597292	443.505417	396.280833	396.367917	370.772917	407.757708	477.635625	566.971875	859.602500	1062.115833	886.803333	847.752083	842.867292	818.066875	763.284375	680.878542	646.606667	599.279583	538.526458	628.920000	
580.150000	449.493714	407.406000	408.092571	379.439143	406.502571	492.462000	593.231429	891.135429	1130.920286	899.019143	855.058571	850.234000	823.557143	765.540857	687.508857	650.054857	604.086286	557.880857	645.291429	
585.672667	450.141667	420.158667	412.105333	383.728000	405.900333	491.825667	593.980000	911.442333	1162.125667	903.918667	862.640667	854.650333	826.910000	767.609333	691.217000	653.425333	606.727333	571.253667	651.330333	
dA, m2 
0.000000	-22.985116	-45.542791	-69.244651	-60.019070	-29.430000	-56.780930	-68.169767	68.357907	127.420465	123.865814	117.212326	116.087209	109.660000	94.642558	61.347209	55.288837	37.804186	20.783023	16.650465	
0.000000	-24.060741	-46.993333	-72.754074	-66.592222	-33.489259	-56.769259	-73.338889	51.952963	131.076667	127.217407	118.537778	118.674074	112.003704	98.444074	63.423333	56.015926	39.051852	20.018889	18.094074	
0.000000	-39.710294	-63.619118	-81.212941	-85.022647	-54.141471	-53.176176	-46.565588	79.395882	173.184118	140.257941	126.973235	126.824118	118.192059	100.595588	61.959118	50.479706	31.258824	7.009118	23.442941	
0.000000	-49.637083	-67.991667	-66.410208	-77.468542	-64.316875	-33.261667	5.206667	114.694792	188.905000	118.330000	103.888750	101.900000	92.696875	71.967708	42.027083	28.663958	10.570208	-11.839167	24.274167	
0.000000	-46.667143	-61.907143	-61.582000	-72.194286	-63.162286	-31.013429	6.807714	106.335143	180.147429	108.733714	91.327143	89.760286	81.050286	62.103143	36.541429	23.706286	8.057714	-4.823714	22.565714	
0.000000	6.788333	32.489000	-41.061000	-72.140667	-93.973333	-96.306000	-60.224333	23.273333	141.342000	313.364333	160.396000	84.112000	32.892667	-6.854667	-47.090667	-64.687667	-62.455333	-90.229333	-65.176333	
h,m 
196.182093	196.019535	195.857209	195.685349	195.752093	195.973488	195.775581	195.693256	196.663953	197.073023	197.049070	197.002791	196.994884	196.951395	196.846977	196.615116	196.573256	196.449767	196.330233	196.300233	
192.757778	192.606667	192.462222	192.298519	192.336296	192.546667	192.400000	192.294074	193.081852	193.572222	193.547407	193.494815	193.495556	193.454815	193.371111	193.153704	193.109259	193.002222	192.883704	192.871481	
189.392059	189.127059	188.967353	188.850882	188.824412	189.031176	189.039118	189.084412	189.908824	190.501765	190.295000	190.210000	190.210000	190.155294	190.044118	189.795882	189.721176	189.595882	189.437647	189.545588	
186.592500	186.287708	186.173125	186.183958	186.114167	186.196250	186.389375	186.622083	187.255000	187.647708	187.275625	187.196250	187.183750	187.132500	187.013958	186.840000	186.762708	186.655208	186.521250	186.736667	
182.180571	181.864000	181.759714	181.762000	181.689143	181.751143	181.971429	182.226286	182.880857	183.346286	182.896000	182.782571	182.773429	182.717429	182.593714	182.423143	182.339429	182.234857	182.147714	182.331429	
178.871333	178.916667	179.084000	178.603333	178.398000	178.251667	178.236333	178.475667	179.022000	179.775000	180.835667	179.897667	179.412667	179.084667	178.825667	178.563000	178.447000	178.460667	178.277000	178.443667	
W,m 
141.704186	140.391628	139.221395	138.090233	138.480698	140.025349	138.608372	138.135814	144.328605	146.188372	146.087442	145.903256	145.871395	145.689535	145.217442	144.035349	143.747442	143.193953	142.521860	142.354651	
160.264815	159.501481	157.965556	156.787407	156.987407	158.908148	157.333333	156.760741	161.811852	165.462963	165.164815	164.640741	164.654444	164.305556	163.529630	162.238889	161.985926	161.450741	160.860741	160.805185	
150.889118	149.305294	148.494118	147.814118	147.624412	148.816176	148.882353	149.140000	155.498529	159.652353	158.154412	157.572647	157.560882	157.163529	156.551471	153.881176	153.165588	152.272353	151.186765	151.844412	
166.349792	159.223125	158.059375	158.259583	157.240417	158.462292	160.848125	166.871458	182.035833	202.739167	183.440208	179.240208	178.733542	177.259375	174.559167	171.007292	169.589375	167.357500	164.890208	168.984167	
150.732286	148.311143	147.483714	147.502286	146.872857	147.420571	149.277714	151.018286	158.193714	164.458286	158.336571	156.857429	156.744286	155.979429	154.609429	153.187429	152.362000	151.071143	150.532571	152.300286	
153.527667	153.566000	154.409333	151.971667	150.853000	150.061667	150.118667	151.543000	154.738333	158.639667	165.931333	159.261667	156.498333	154.944333	153.560667	152.097333	151.452333	151.476333	150.457667	151.432333	
